Bubble Sort Results:
Number of elements                     Time taken
10                                 0.000008
 424238335 596516649 719885386 846930886118964142116497604921681692777171463691518042893831957747793
20                                 0.000013
  35005211 233665123 278722862 294702567 304089172 336465782 468703135 521595368 783368690 8610215301025202362110252005913034557361350490027136518054015403834261726956429196751392620448977632145174067
50                                 0.000045
  42999170  84353895 135497281 137806862 149798315 184803526 412776091 511702305 572660336 608413784 610515434 628175011 635723058 749241873 756898537 760313750 805750846 859484421 939819582 982906996105996139311006613131101513929112589816711295664131131176229114161612411591265051315634022136913306913743440431424268980143392585715482333671585990364163262172916533773731656478042173457519818019798021827336327191175995619145449191937477084197359432419988988142001100545203866437020844209252089018456
100                                 0.000128
200                                 0.000433
500                                 0.002125
1000                                 0.007576
