-18.849556  0.000000 
-18.080187  -0.038478 
-17.310818  -0.057738 
-16.541447  -0.044753 
-15.772078  -0.004062 
-15.002708  0.043207 
-14.233338  0.069933 
-13.463968  0.058068 
-12.694599  0.010073 
-11.925230  -0.050155 
-11.155860  -0.088490 
-10.386490  -0.078965 
-9.617121  -0.019877 
-8.847752  0.061658 
-8.078382  0.120684 
-7.309011  0.116998 
-6.539642  0.038787 
-5.770273  -0.085042 
-5.000903  -0.191699 
-4.231533  -0.209522 
-3.462164  -0.091015 
-2.692795  0.161127 
-1.923424  0.487916 
-1.154055  0.792348 
-0.384686  0.975518 
0.384684  0.975518 
1.154053  0.792349 
1.923424  0.487916 
2.692793  0.161128 
3.462162  -0.091015 
4.231533  -0.209522 
5.000902  -0.191699 
5.770271  -0.085043 
6.539640  0.038787 
7.309010  0.116998 
8.078381  0.120684 
8.847750  0.061658 
9.617119  -0.019877 
10.386490  -0.078965 
11.155859  -0.088490 
11.925228  -0.050155 
12.694597  0.010073 
13.463966  0.058068 
14.233337  0.069933 
15.002708  0.043207 
15.772076  -0.004062 
16.541447  -0.044753 
17.310814  -0.057738 
18.080185  -0.038478 
18.849556  0.000000 
