-37.699112	-0.000000
-37.684029	-0.000400
-37.668947	-0.000801
-37.653864	-0.001201
-37.638781	-0.001602
-37.623699	-0.002003
-37.608616	-0.002403
-37.593533	-0.002803
-37.578451	-0.003203
-37.563368	-0.003603
-37.548285	-0.004002
-37.533203	-0.004400
-37.518120	-0.004798
-37.503037	-0.005195
-37.487955	-0.005591
-37.472872	-0.005986
-37.457789	-0.006380
-37.442707	-0.006773
-37.427624	-0.007165
-37.412541	-0.007555
-37.397459	-0.007944
-37.382376	-0.008332
-37.367293	-0.008718
-37.352211	-0.009102
-37.337128	-0.009485
-37.322045	-0.009865
-37.306963	-0.010244
-37.291880	-0.010621
-37.276797	-0.010995
-37.261715	-0.011368
-37.246632	-0.011738
-37.231549	-0.012106
-37.216467	-0.012471
-37.201384	-0.012834
-37.186301	-0.013194
-37.171219	-0.013551
-37.156136	-0.013906
-37.141053	-0.014258
-37.125971	-0.014606
-37.110888	-0.014952
-37.095805	-0.015295
-37.080723	-0.015634
-37.065640	-0.015970
-37.050557	-0.016303
-37.035475	-0.016632
-37.020392	-0.016958
-37.005309	-0.017280
-36.990227	-0.017599
-36.975144	-0.017914
-36.960061	-0.018225
-36.944979	-0.018532
-36.929896	-0.018835
-36.914813	-0.019134
-36.899731	-0.019429
-36.884648	-0.019720
-36.869565	-0.020006
-36.854483	-0.020289
-36.839400	-0.020566
-36.824317	-0.020840
-36.809235	-0.021109
-36.794152	-0.021373
-36.779070	-0.021633
-36.763987	-0.021888
-36.748904	-0.022138
-36.733822	-0.022383
-36.718739	-0.022623
-36.703656	-0.022859
-36.688574	-0.023089
-36.673491	-0.023315
-36.658408	-0.023535
-36.643326	-0.023750
-36.628243	-0.023960
-36.613160	-0.024165
-36.598078	-0.024364
-36.582995	-0.024558
-36.567912	-0.024746
-36.552830	-0.024929
-36.537747	-0.025107
-36.522664	-0.025279
-36.507582	-0.025445
-36.492499	-0.025606
-36.477416	-0.025761
-36.462334	-0.025910
-36.447251	-0.026053
-36.432168	-0.026191
-36.417086	-0.026323
-36.402003	-0.026449
-36.386920	-0.026569
-36.371838	-0.026683
-36.356755	-0.026791
-36.341672	-0.026893
-36.326590	-0.026989
-36.311507	-0.027079
-36.296424	-0.027163
-36.281342	-0.027240
-36.266259	-0.027312
-36.251176	-0.027377
-36.236094	-0.027437
-36.221011	-0.027490
-36.205928	-0.027537
-36.190846	-0.027577
-36.175763	-0.027612
-36.160680	-0.027640
-36.145598	-0.027662
-36.130515	-0.027677
-36.115432	-0.027687
-36.100350	-0.027690
-36.085267	-0.027686
-36.070184	-0.027677
-36.055102	-0.027661
-36.040019	-0.027639
-36.024936	-0.027610
-36.009854	-0.027576
-35.994771	-0.027534
-35.979688	-0.027487
-35.964606	-0.027433
-35.949523	-0.027373
-35.934440	-0.027307
-35.919358	-0.027235
-35.904275	-0.027156
-35.889192	-0.027071
-35.874110	-0.026979
-35.859027	-0.026882
-35.843945	-0.026778
-35.828862	-0.026668
-35.813779	-0.026552
-35.798697	-0.026430
-35.783614	-0.026302
-35.768531	-0.026167
-35.753449	-0.026027
-35.738366	-0.025881
-35.723283	-0.025728
-35.708201	-0.025570
-35.693118	-0.025405
-35.678035	-0.025235
-35.662953	-0.025058
-35.647870	-0.024876
-35.632787	-0.024688
-35.617705	-0.024495
-35.602622	-0.024295
-35.587539	-0.024090
-35.572457	-0.023879
-35.557374	-0.023663
-35.542291	-0.023441
-35.527209	-0.023213
-35.512126	-0.022981
-35.497043	-0.022742
-35.481961	-0.022498
-35.466878	-0.022249
-35.451795	-0.021995
-35.436713	-0.021735
-35.421630	-0.021470
-35.406547	-0.021201
-35.391465	-0.020926
-35.376382	-0.020646
-35.361299	-0.020361
-35.346217	-0.020071
-35.331134	-0.019776
-35.316051	-0.019477
-35.300969	-0.019173
-35.285886	-0.018865
-35.270803	-0.018551
-35.255721	-0.018234
-35.240638	-0.017912
-35.225555	-0.017585
-35.210473	-0.017254
-35.195390	-0.016919
-35.180307	-0.016580
-35.165225	-0.016237
-35.150142	-0.015890
-35.135059	-0.015539
-35.119977	-0.015184
-35.104894	-0.014825
-35.089811	-0.014463
-35.074729	-0.014097
-35.059646	-0.013728
-35.044563	-0.013355
-35.029481	-0.012979
-35.014398	-0.012599
-34.999315	-0.012216
-34.984233	-0.011831
-34.969150	-0.011442
-34.954067	-0.011050
-34.938985	-0.010655
-34.923902	-0.010258
-34.908820	-0.009858
-34.893737	-0.009455
-34.878654	-0.009050
-34.863572	-0.008642
-34.848489	-0.008232
-34.833406	-0.007820
-34.818324	-0.007406
-34.803241	-0.006989
-34.788158	-0.006571
-34.773076	-0.006151
-34.757993	-0.005729
-34.742910	-0.005306
-34.727828	-0.004880
-34.712745	-0.004454
-34.697662	-0.004026
-34.682580	-0.003596
-34.667497	-0.003166
-34.652414	-0.002734
-34.637332	-0.002302
-34.622249	-0.001868
-34.607166	-0.001434
-34.592084	-0.000999
-34.577001	-0.000563
-34.561918	-0.000127
-34.546836	0.000309
-34.531753	0.000746
-34.516670	0.001183
-34.501588	0.001620
-34.486505	0.002057
-34.471422	0.002495
-34.456340	0.002931
-34.441257	0.003368
-34.426174	0.003804
-34.411092	0.004240
-34.396009	0.004675
-34.380926	0.005110
-34.365844	0.005543
-34.350761	0.005976
-34.335678	0.006408
-34.320596	0.006839
-34.305513	0.007268
-34.290430	0.007697
-34.275348	0.008124
-34.260265	0.008549
-34.245182	0.008973
-34.230100	0.009395
-34.215017	0.009816
-34.199934	0.010234
-34.184852	0.010651
-34.169769	0.011066
-34.154686	0.011478
-34.139604	0.011888
-34.124521	0.012296
-34.109438	0.012701
-34.094356	0.013104
-34.079273	0.013504
-34.064190	0.013902
-34.049108	0.014297
-34.034025	0.014689
-34.018942	0.015077
-34.003860	0.015463
-33.988777	0.015846
-33.973695	0.016225
-33.958612	0.016601
-33.943529	0.016973
-33.928447	0.017342
-33.913364	0.017708
-33.898281	0.018069
-33.883199	0.018427
-33.868116	0.018781
-33.853033	0.019131
-33.837951	0.019477
-33.822868	0.019819
-33.807785	0.020156
-33.792703	0.020490
-33.777620	0.020819
-33.762537	0.021143
-33.747455	0.021463
-33.732372	0.021779
-33.717289	0.022089
-33.702207	0.022395
-33.687124	0.022697
-33.672041	0.022993
-33.656959	0.023284
-33.641876	0.023570
-33.626793	0.023852
-33.611711	0.024128
-33.596628	0.024398
-33.581545	0.024664
-33.566463	0.024924
-33.551380	0.025178
-33.536297	0.025428
-33.521215	0.025671
-33.506132	0.025909
-33.491049	0.026141
-33.475967	0.026368
-33.460884	0.026589
-33.445801	0.026803
-33.430719	0.027012
-33.415636	0.027215
-33.400553	0.027412
-33.385471	0.027603
-33.370388	0.027788
-33.355305	0.027967
-33.340223	0.028139
-33.325140	0.028305
-33.310057	0.028465
-33.294975	0.028619
-33.279892	0.028766
-33.264809	0.028907
-33.249727	0.029041
-33.234644	0.029169
-33.219561	0.029290
-33.204479	0.029405
-33.189396	0.029513
-33.174313	0.029615
-33.159231	0.029710
-33.144148	0.029798
-33.129065	0.029880
-33.113983	0.029955
-33.098900	0.030023
-33.083817	0.030084
-33.068735	0.030138
-33.053652	0.030186
-33.038570	0.030227
-33.023487	0.030261
-33.008404	0.030288
-32.993322	0.030309
-32.978239	0.030322
-32.963156	0.030328
-32.948074	0.030328
-32.932991	0.030321
-32.917908	0.030307
-32.902826	0.030286
-32.887743	0.030258
-32.872660	0.030223
-32.857578	0.030181
-32.842495	0.030132
-32.827412	0.030077
-32.812330	0.030014
-32.797247	0.029945
-32.782164	0.029868
-32.767082	0.029785
-32.751999	0.029695
-32.736916	0.029598
-32.721834	0.029495
-32.706751	0.029384
-32.691668	0.029267
-32.676586	0.029143
-32.661503	0.029012
-32.646420	0.028875
-32.631338	0.028730
-32.616255	0.028580
-32.601172	0.028422
-32.586090	0.028258
-32.571007	0.028087
-32.555924	0.027910
-32.540842	0.027726
-32.525759	0.027536
-32.510676	0.027339
-32.495594	0.027136
-32.480511	0.026927
-32.465428	0.026711
-32.450346	0.026489
-32.435263	0.026260
-32.420180	0.026026
-32.405098	0.025785
-32.390015	0.025538
-32.374932	0.025286
-32.359850	0.025027
-32.344767	0.024762
-32.329684	0.024492
-32.314602	0.024215
-32.299519	0.023933
-32.284436	0.023645
-32.269354	0.023352
-32.254271	0.023052
-32.239188	0.022748
-32.224106	0.022438
-32.209023	0.022122
-32.193940	0.021801
-32.178858	0.021475
-32.163775	0.021144
-32.148692	0.020807
-32.133610	0.020466
-32.118527	0.020119
-32.103445	0.019768
-32.088362	0.019412
-32.073279	0.019051
-32.058197	0.018685
-32.043114	0.018315
-32.028031	0.017940
-32.012949	0.017561
-31.997866	0.017178
-31.982783	0.016790
-31.967701	0.016398
-31.952618	0.016002
-31.937535	0.015602
-31.922453	0.015198
-31.907370	0.014790
-31.892287	0.014378
-31.877205	0.013963
-31.862122	0.013544
-31.847039	0.013122
-31.831957	0.012696
-31.816874	0.012267
-31.801791	0.011835
-31.786709	0.011399
-31.771626	0.010961
-31.756543	0.010520
-31.741461	0.010076
-31.726378	0.009629
-31.711295	0.009179
-31.696213	0.008728
-31.681130	0.008273
-31.666047	0.007817
-31.650965	0.007358
-31.635882	0.006897
-31.620799	0.006434
-31.605717	0.005969
-31.590634	0.005502
-31.575551	0.005034
-31.560469	0.004564
-31.545386	0.004092
-31.530303	0.003620
-31.515221	0.003145
-31.500138	0.002670
-31.485055	0.002194
-31.469973	0.001717
-31.454890	0.001238
-31.439807	0.000760
-31.424725	0.000280
-31.409642	-0.000200
-31.394559	-0.000681
-31.379477	-0.001161
-31.364394	-0.001642
-31.349311	-0.002123
-31.334229	-0.002604
-31.319146	-0.003085
-31.304063	-0.003566
-31.288981	-0.004046
-31.273898	-0.004526
-31.258815	-0.005005
-31.243733	-0.005484
-31.228650	-0.005962
-31.213567	-0.006439
-31.198485	-0.006915
-31.183402	-0.007390
-31.168320	-0.007863
-31.153237	-0.008336
-31.138154	-0.008806
-31.123072	-0.009276
-31.107989	-0.009743
-31.092906	-0.010209
-31.077824	-0.010673
-31.062741	-0.011135
-31.047658	-0.011595
-31.032576	-0.012053
-31.017493	-0.012508
-31.002410	-0.012961
-30.987328	-0.013412
-30.972245	-0.013860
-30.957162	-0.014305
-30.942080	-0.014747
-30.926997	-0.015187
-30.911914	-0.015623
-30.896832	-0.016056
-30.881749	-0.016487
-30.866666	-0.016913
-30.851584	-0.017337
-30.836501	-0.017756
-30.821418	-0.018172
-30.806336	-0.018585
-30.791253	-0.018993
-30.776170	-0.019398
-30.761088	-0.019799
-30.746005	-0.020195
-30.730922	-0.020588
-30.715840	-0.020976
-30.700757	-0.021359
-30.685674	-0.021738
-30.670592	-0.022113
-30.655509	-0.022483
-30.640426	-0.022848
-30.625344	-0.023208
-30.610261	-0.023564
-30.595178	-0.023914
-30.580096	-0.024259
-30.565013	-0.024599
-30.549930	-0.024934
-30.534848	-0.025264
-30.519765	-0.025588
-30.504682	-0.025906
-30.489600	-0.026219
-30.474517	-0.026527
-30.459434	-0.026828
-30.444352	-0.027124
-30.429269	-0.027414
-30.414186	-0.027698
-30.399104	-0.027976
-30.384021	-0.028248
-30.368938	-0.028513
-30.353856	-0.028773
-30.338773	-0.029026
-30.323690	-0.029273
-30.308608	-0.029513
-30.293525	-0.029747
-30.278442	-0.029974
-30.263360	-0.030195
-30.248277	-0.030409
-30.233195	-0.030617
-30.218112	-0.030817
-30.203029	-0.031011
-30.187947	-0.031198
-30.172864	-0.031378
-30.157781	-0.031551
-30.142699	-0.031718
-30.127616	-0.031877
-30.112533	-0.032029
-30.097451	-0.032173
-30.082368	-0.032311
-30.067285	-0.032441
-30.052203	-0.032565
-30.037120	-0.032680
-30.022037	-0.032789
-30.006955	-0.032890
-29.991872	-0.032984
-29.976789	-0.033070
-29.961707	-0.033149
-29.946624	-0.033221
-29.931541	-0.033285
-29.916459	-0.033341
-29.901376	-0.033390
-29.886293	-0.033432
-29.871211	-0.033466
-29.856128	-0.033492
-29.841045	-0.033511
-29.825963	-0.033522
-29.810880	-0.033525
-29.795797	-0.033521
-29.780715	-0.033509
-29.765632	-0.033490
-29.750549	-0.033463
-29.735467	-0.033428
-29.720384	-0.033385
-29.705301	-0.033335
-29.690219	-0.033278
-29.675136	-0.033213
-29.660053	-0.033140
-29.644971	-0.033059
-29.629888	-0.032971
-29.614805	-0.032875
-29.599723	-0.032772
-29.584640	-0.032661
-29.569557	-0.032543
-29.554475	-0.032417
-29.539392	-0.032283
-29.524309	-0.032142
-29.509227	-0.031994
-29.494144	-0.031838
-29.479061	-0.031675
-29.463979	-0.031504
-29.448896	-0.031326
-29.433813	-0.031141
-29.418731	-0.030948
-29.403648	-0.030749
-29.388565	-0.030542
-29.373483	-0.030327
-29.358400	-0.030106
-29.343317	-0.029878
-29.328235	-0.029642
-29.313152	-0.029400
-29.298070	-0.029151
-29.282987	-0.028894
-29.267904	-0.028631
-29.252822	-0.028362
-29.237739	-0.028085
-29.222656	-0.027802
-29.207574	-0.027512
-29.192491	-0.027215
-29.177408	-0.026912
-29.162326	-0.026603
-29.147243	-0.026287
-29.132160	-0.025965
-29.117078	-0.025637
-29.101995	-0.025302
-29.086912	-0.024962
-29.071830	-0.024615
-29.056747	-0.024263
-29.041664	-0.023904
-29.026582	-0.023540
-29.011499	-0.023170
-28.996416	-0.022794
-28.981334	-0.022413
-28.966251	-0.022026
-28.951168	-0.021634
-28.936086	-0.021236
-28.921003	-0.020834
-28.905920	-0.020426
-28.890838	-0.020013
-28.875755	-0.019595
-28.860672	-0.019172
-28.845590	-0.018744
-28.830507	-0.018312
-28.815424	-0.017875
-28.800342	-0.017433
-28.785259	-0.016987
-28.770176	-0.016537
-28.755094	-0.016082
-28.740011	-0.015624
-28.724928	-0.015161
-28.709846	-0.014694
-28.694763	-0.014224
-28.679680	-0.013750
-28.664598	-0.013272
-28.649515	-0.012790
-28.634432	-0.012306
-28.619350	-0.011818
-28.604267	-0.011326
-28.589184	-0.010832
-28.574102	-0.010334
-28.559019	-0.009834
-28.543936	-0.009331
-28.528854	-0.008825
-28.513771	-0.008317
-28.498688	-0.007807
-28.483606	-0.007294
-28.468523	-0.006778
-28.453440	-0.006261
-28.438358	-0.005742
-28.423275	-0.005221
-28.408193	-0.004698
-28.393110	-0.004173
-28.378027	-0.003647
-28.362945	-0.003120
-28.347862	-0.002591
-28.332779	-0.002062
-28.317697	-0.001531
-28.302614	-0.000999
-28.287531	-0.000467
-28.272449	0.000067
-28.257366	0.000600
-28.242283	0.001135
-28.227201	0.001669
-28.212118	0.002204
-28.197035	0.002739
-28.181953	0.003273
-28.166870	0.003808
-28.151787	0.004342
-28.136705	0.004876
-28.121622	0.005409
-28.106539	0.005942
-28.091457	0.006474
-28.076374	0.007005
-28.061291	0.007535
-28.046209	0.008064
-28.031126	0.008591
-28.016043	0.009117
-28.000961	0.009642
-27.985878	0.010165
-27.970795	0.010686
-27.955713	0.011205
-27.940630	0.011723
-27.925547	0.012238
-27.910465	0.012751
-27.895382	0.013262
-27.880299	0.013770
-27.865217	0.014276
-27.850134	0.014779
-27.835051	0.015279
-27.819969	0.015776
-27.804886	0.016270
-27.789803	0.016761
-27.774721	0.017249
-27.759638	0.017733
-27.744555	0.018214
-27.729473	0.018691
-27.714390	0.019165
-27.699307	0.019634
-27.684225	0.020100
-27.669142	0.020562
-27.654059	0.021019
-27.638977	0.021472
-27.623894	0.021921
-27.608811	0.022365
-27.593729	0.022805
-27.578646	0.023239
-27.563563	0.023670
-27.548481	0.024095
-27.533398	0.024515
-27.518315	0.024930
-27.503233	0.025340
-27.488150	0.025744
-27.473068	0.026143
-27.457985	0.026537
-27.442902	0.026925
-27.427820	0.027307
-27.412737	0.027684
-27.397654	0.028054
-27.382572	0.028419
-27.367489	0.028777
-27.352406	0.029130
-27.337324	0.029476
-27.322241	0.029816
-27.307158	0.030149
-27.292076	0.030476
-27.276993	0.030796
-27.261910	0.031110
-27.246828	0.031417
-27.231745	0.031717
-27.216662	0.032010
-27.201580	0.032297
-27.186497	0.032576
-27.171414	0.032848
-27.156332	0.033113
-27.141249	0.033371
-27.126166	0.033621
-27.111084	0.033864
-27.096001	0.034100
-27.080918	0.034328
-27.065836	0.034549
-27.050753	0.034761
-27.035670	0.034967
-27.020588	0.035164
-27.005505	0.035354
-26.990422	0.035536
-26.975340	0.035710
-26.960257	0.035876
-26.945174	0.036034
-26.930092	0.036184
-26.915009	0.036326
-26.899926	0.036460
-26.884844	0.036586
-26.869761	0.036704
-26.854678	0.036813
-26.839596	0.036914
-26.824513	0.037007
-26.809430	0.037091
-26.794348	0.037168
-26.779265	0.037235
-26.764182	0.037295
-26.749100	0.037346
-26.734017	0.037388
-26.718934	0.037422
-26.703852	0.037448
-26.688769	0.037465
-26.673686	0.037473
-26.658604	0.037473
-26.643521	0.037465
-26.628438	0.037448
-26.613356	0.037422
-26.598273	0.037388
-26.583190	0.037346
-26.568108	0.037294
-26.553025	0.037235
-26.537943	0.037166
-26.522860	0.037090
-26.507777	0.037004
-26.492695	0.036910
-26.477612	0.036808
-26.462529	0.036697
-26.447447	0.036578
-26.432364	0.036450
-26.417281	0.036314
-26.402199	0.036169
-26.387116	0.036016
-26.372033	0.035854
-26.356951	0.035685
-26.341868	0.035506
-26.326785	0.035320
-26.311703	0.035125
-26.296620	0.034923
-26.281537	0.034711
-26.266455	0.034492
-26.251372	0.034265
-26.236289	0.034030
-26.221207	0.033786
-26.206124	0.033535
-26.191041	0.033276
-26.175959	0.033008
-26.160876	0.032734
-26.145793	0.032451
-26.130711	0.032160
-26.115628	0.031862
-26.100545	0.031557
-26.085463	0.031243
-26.070380	0.030923
-26.055297	0.030594
-26.040215	0.030259
-26.025132	0.029916
-26.010049	0.029566
-25.994967	0.029209
-25.979884	0.028845
-25.964801	0.028474
-25.949719	0.028096
-25.934636	0.027711
-25.919553	0.027319
-25.904471	0.026921
-25.889388	0.026516
-25.874305	0.026105
-25.859223	0.025687
-25.844140	0.025263
-25.829057	0.024832
-25.813975	0.024396
-25.798892	0.023953
-25.783809	0.023505
-25.768727	0.023050
-25.753644	0.022590
-25.738561	0.022124
-25.723479	0.021652
-25.708396	0.021175
-25.693313	0.020693
-25.678231	0.020205
-25.663148	0.019712
-25.648065	0.019215
-25.632983	0.018712
-25.617900	0.018204
-25.602818	0.017692
-25.587735	0.017175
-25.572652	0.016653
-25.557570	0.016127
-25.542487	0.015597
-25.527404	0.015062
-25.512322	0.014524
-25.497239	0.013981
-25.482156	0.013435
-25.467074	0.012885
-25.451991	0.012331
-25.436908	0.011774
-25.421826	0.011214
-25.406743	0.010650
-25.391660	0.010083
-25.376578	0.009514
-25.361495	0.008941
-25.346412	0.008366
-25.331330	0.007788
-25.316247	0.007208
-25.301164	0.006625
-25.286082	0.006040
-25.270999	0.005454
-25.255916	0.004865
-25.240834	0.004274
-25.225751	0.003682
-25.210668	0.003088
-25.195586	0.002493
-25.180503	0.001896
-25.165420	0.001298
-25.150338	0.000700
-25.135255	0.000100
-25.120172	-0.000500
-25.105090	-0.001101
-25.090007	-0.001703
-25.074924	-0.002304
-25.059842	-0.002906
-25.044759	-0.003508
-25.029676	-0.004110
-25.014594	-0.004712
-24.999511	-0.005314
-24.984428	-0.005914
-24.969346	-0.006515
-24.954263	-0.007114
-24.939180	-0.007713
-24.924098	-0.008311
-24.909015	-0.008907
-24.893932	-0.009502
-24.878850	-0.010096
-24.863767	-0.010688
-24.848684	-0.011278
-24.833602	-0.011867
-24.818519	-0.012453
-24.803436	-0.013038
-24.788354	-0.013620
-24.773271	-0.014200
-24.758188	-0.014777
-24.743106	-0.015352
-24.728023	-0.015924
-24.712940	-0.016493
-24.697858	-0.017058
-24.682775	-0.017621
-24.667693	-0.018180
-24.652610	-0.018736
-24.637527	-0.019288
-24.622445	-0.019837
-24.607362	-0.020382
-24.592279	-0.020923
-24.577197	-0.021459
-24.562114	-0.021992
-24.547031	-0.022520
-24.531949	-0.023043
-24.516866	-0.023562
-24.501783	-0.024077
-24.486701	-0.024586
-24.471618	-0.025090
-24.456535	-0.025590
-24.441453	-0.026084
-24.426370	-0.026573
-24.411287	-0.027056
-24.396205	-0.027534
-24.381122	-0.028006
-24.366039	-0.028473
-24.350957	-0.028933
-24.335874	-0.029387
-24.320791	-0.029836
-24.305709	-0.030278
-24.290626	-0.030714
-24.275543	-0.031143
-24.260461	-0.031566
-24.245378	-0.031982
-24.230295	-0.032391
-24.215213	-0.032794
-24.200130	-0.033189
-24.185047	-0.033577
-24.169965	-0.033959
-24.154882	-0.034333
-24.139799	-0.034699
-24.124717	-0.035059
-24.109634	-0.035410
-24.094551	-0.035754
-24.079469	-0.036091
-24.064386	-0.036419
-24.049303	-0.036740
-24.034221	-0.037053
-24.019138	-0.037358
-24.004055	-0.037654
-23.988973	-0.037942
-23.973890	-0.038223
-23.958807	-0.038494
-23.943725	-0.038758
-23.928642	-0.039013
-23.913559	-0.039259
-23.898477	-0.039496
-23.883394	-0.039725
-23.868311	-0.039946
-23.853229	-0.040157
-23.838146	-0.040360
-23.823063	-0.040553
-23.807981	-0.040738
-23.792898	-0.040913
-23.777815	-0.041080
-23.762733	-0.041237
-23.747650	-0.041385
-23.732568	-0.041524
-23.717485	-0.041654
-23.702402	-0.041774
-23.687320	-0.041885
-23.672237	-0.041987
-23.657154	-0.042079
-23.642072	-0.042162
-23.626989	-0.042235
-23.611906	-0.042299
-23.596824	-0.042353
-23.581741	-0.042397
-23.566658	-0.042432
-23.551576	-0.042458
-23.536493	-0.042473
-23.521410	-0.042480
-23.506328	-0.042476
-23.491245	-0.042463
-23.476162	-0.042440
-23.461080	-0.042407
-23.445997	-0.042365
-23.430914	-0.042313
-23.415832	-0.042251
-23.400749	-0.042180
-23.385666	-0.042099
-23.370584	-0.042008
-23.355501	-0.041907
-23.340418	-0.041797
-23.325336	-0.041677
-23.310253	-0.041548
-23.295170	-0.041409
-23.280088	-0.041260
-23.265005	-0.041102
-23.249922	-0.040934
-23.234840	-0.040757
-23.219757	-0.040570
-23.204674	-0.040374
-23.189592	-0.040168
-23.174509	-0.039953
-23.159426	-0.039728
-23.144344	-0.039494
-23.129261	-0.039251
-23.114178	-0.038998
-23.099096	-0.038737
-23.084013	-0.038466
-23.068930	-0.038186
-23.053848	-0.037897
-23.038765	-0.037599
-23.023682	-0.037292
-23.008600	-0.036976
-22.993517	-0.036652
-22.978434	-0.036318
-22.963352	-0.035976
-22.948269	-0.035625
-22.933186	-0.035266
-22.918104	-0.034898
-22.903021	-0.034522
-22.887938	-0.034137
-22.872856	-0.033744
-22.857773	-0.033343
-22.842690	-0.032934
-22.827608	-0.032517
-22.812525	-0.032091
-22.797443	-0.031658
-22.782360	-0.031217
-22.767277	-0.030769
-22.752195	-0.030313
-22.737112	-0.029849
-22.722029	-0.029378
-22.706947	-0.028900
-22.691864	-0.028414
-22.676781	-0.027921
-22.661699	-0.027421
-22.646616	-0.026915
-22.631533	-0.026401
-22.616451	-0.025881
-22.601368	-0.025355
-22.586285	-0.024821
-22.571203	-0.024282
-22.556120	-0.023736
-22.541037	-0.023184
-22.525955	-0.022626
-22.510872	-0.022062
-22.495789	-0.021493
-22.480707	-0.020917
-22.465624	-0.020336
-22.450541	-0.019750
-22.435459	-0.019159
-22.420376	-0.018562
-22.405293	-0.017960
-22.390211	-0.017354
-22.375128	-0.016742
-22.360045	-0.016126
-22.344963	-0.015506
-22.329880	-0.014881
-22.314797	-0.014252
-22.299715	-0.013619
-22.284632	-0.012982
-22.269549	-0.012341
-22.254467	-0.011696
-22.239384	-0.011048
-22.224301	-0.010396
-22.209219	-0.009741
-22.194136	-0.009083
-22.179053	-0.008422
-22.163971	-0.007759
-22.148888	-0.007092
-22.133805	-0.006423
-22.118723	-0.005752
-22.103640	-0.005079
-22.088557	-0.004403
-22.073475	-0.003725
-22.058392	-0.003046
-22.043309	-0.002365
-22.028227	-0.001683
-22.013144	-0.000999
-21.998061	-0.000314
-21.982979	0.000372
-21.967896	0.001058
-21.952813	0.001746
-21.937731	0.002434
-21.922648	0.003122
-21.907565	0.003811
-21.892483	0.004500
-21.877400	0.005188
-21.862318	0.005877
-21.847235	0.006565
-21.832152	0.007252
-21.817070	0.007939
-21.801987	0.008625
-21.786904	0.009310
-21.771822	0.009993
-21.756739	0.010676
-21.741656	0.011357
-21.726574	0.012036
-21.711491	0.012713
-21.696408	0.013389
-21.681326	0.014062
-21.666243	0.014733
-21.651160	0.015402
-21.636078	0.016068
-21.620995	0.016732
-21.605912	0.017392
-21.590830	0.018050
-21.575747	0.018704
-21.560664	0.019355
-21.545582	0.020003
-21.530499	0.020647
-21.515416	0.021287
-21.500334	0.021923
-21.485251	0.022555
-21.470168	0.023182
-21.455086	0.023806
-21.440003	0.024425
-21.424920	0.025039
-21.409838	0.025648
-21.394755	0.026252
-21.379672	0.026852
-21.364590	0.027445
-21.349507	0.028034
-21.334424	0.028617
-21.319342	0.029194
-21.304259	0.029766
-21.289176	0.030331
-21.274094	0.030891
-21.259011	0.031444
-21.243928	0.031990
-21.228846	0.032531
-21.213763	0.033064
-21.198680	0.033591
-21.183598	0.034111
-21.168515	0.034624
-21.153432	0.035130
-21.138350	0.035628
-21.123267	0.036119
-21.108184	0.036603
-21.093102	0.037079
-21.078019	0.037547
-21.062936	0.038008
-21.047854	0.038460
-21.032771	0.038904
-21.017688	0.039340
-21.002606	0.039768
-20.987523	0.040187
-20.972440	0.040598
-20.957358	0.041000
-20.942275	0.041393
-20.927193	0.041777
-20.912110	0.042153
-20.897027	0.042519
-20.881945	0.042876
-20.866862	0.043225
-20.851779	0.043563
-20.836697	0.043892
-20.821614	0.044212
-20.806531	0.044522
-20.791449	0.044823
-20.776366	0.045113
-20.761283	0.045394
-20.746201	0.045665
-20.731118	0.045926
-20.716035	0.046177
-20.700953	0.046418
-20.685870	0.046648
-20.670787	0.046868
-20.655705	0.047078
-20.640622	0.047278
-20.625539	0.047467
-20.610457	0.047645
-20.595374	0.047813
-20.580291	0.047970
-20.565209	0.048117
-20.550126	0.048252
-20.535043	0.048377
-20.519961	0.048491
-20.504878	0.048595
-20.489795	0.048687
-20.474713	0.048769
-20.459630	0.048839
-20.444547	0.048898
-20.429465	0.048947
-20.414382	0.048984
-20.399299	0.049010
-20.384217	0.049026
-20.369134	0.049030
-20.354051	0.049022
-20.338969	0.049004
-20.323886	0.048974
-20.308803	0.048934
-20.293721	0.048882
-20.278638	0.048819
-20.263555	0.048744
-20.248473	0.048659
-20.233390	0.048562
-20.218307	0.048454
-20.203225	0.048335
-20.188142	0.048205
-20.173059	0.048063
-20.157977	0.047910
-20.142894	0.047747
-20.127811	0.047572
-20.112729	0.047386
-20.097646	0.047189
-20.082563	0.046981
-20.067481	0.046761
-20.052398	0.046531
-20.037315	0.046290
-20.022233	0.046038
-20.007150	0.045776
-19.992068	0.045502
-19.976985	0.045218
-19.961902	0.044923
-19.946820	0.044617
-19.931737	0.044300
-19.916654	0.043973
-19.901572	0.043636
-19.886489	0.043288
-19.871406	0.042930
-19.856324	0.042561
-19.841241	0.042182
-19.826158	0.041793
-19.811076	0.041394
-19.795993	0.040985
-19.780910	0.040566
-19.765828	0.040137
-19.750745	0.039698
-19.735662	0.039250
-19.720580	0.038791
-19.705497	0.038324
-19.690414	0.037847
-19.675332	0.037360
-19.660249	0.036864
-19.645166	0.036360
-19.630084	0.035846
-19.615001	0.035323
-19.599918	0.034791
-19.584836	0.034251
-19.569753	0.033702
-19.554670	0.033144
-19.539588	0.032578
-19.524505	0.032004
-19.509422	0.031421
-19.494340	0.030831
-19.479257	0.030232
-19.464174	0.029626
-19.449092	0.029012
-19.434009	0.028391
-19.418926	0.027762
-19.403844	0.027125
-19.388761	0.026482
-19.373678	0.025832
-19.358596	0.025174
-19.343513	0.024510
-19.328430	0.023840
-19.313348	0.023162
-19.298265	0.022479
-19.283182	0.021789
-19.268100	0.021093
-19.253017	0.020392
-19.237934	0.019684
-19.222852	0.018971
-19.207769	0.018253
-19.192686	0.017529
-19.177604	0.016801
-19.162521	0.016067
-19.147438	0.015328
-19.132356	0.014585
-19.117273	0.013837
-19.102190	0.013085
-19.087108	0.012329
-19.072025	0.011569
-19.056943	0.010805
-19.041860	0.010037
-19.026777	0.009266
-19.011695	0.008491
-18.996612	0.007713
-18.981529	0.006933
-18.966447	0.006149
-18.951364	0.005363
-18.936281	0.004574
-18.921199	0.003783
-18.906116	0.002990
-18.891033	0.002195
-18.875951	0.001398
-18.860868	0.000600
-18.845785	-0.000200
-18.830703	-0.001001
-18.815620	-0.001803
-18.800537	-0.002606
-18.785455	-0.003410
-18.770372	-0.004214
-18.755289	-0.005019
-18.740207	-0.005823
-18.725124	-0.006628
-18.710041	-0.007433
-18.694959	-0.008237
-18.679876	-0.009040
-18.664793	-0.009843
-18.649711	-0.010645
-18.634628	-0.011445
-18.619545	-0.012245
-18.604463	-0.013042
-18.589380	-0.013839
-18.574297	-0.014633
-18.559215	-0.015425
-18.544132	-0.016215
-18.529049	-0.017003
-18.513967	-0.017788
-18.498884	-0.018570
-18.483801	-0.019350
-18.468719	-0.020126
-18.453636	-0.020899
-18.438553	-0.021668
-18.423471	-0.022434
-18.408388	-0.023196
-18.393305	-0.023954
-18.378223	-0.024707
-18.363140	-0.025456
-18.348057	-0.026201
-18.332975	-0.026941
-18.317892	-0.027676
-18.302809	-0.028406
-18.287727	-0.029131
-18.272644	-0.029850
-18.257561	-0.030564
-18.242479	-0.031271
-18.227396	-0.031973
-18.212313	-0.032669
-18.197231	-0.033359
-18.182148	-0.034042
-18.167065	-0.034718
-18.151983	-0.035388
-18.136900	-0.036051
-18.121818	-0.036706
-18.106735	-0.037355
-18.091652	-0.037995
-18.076570	-0.038629
-18.061487	-0.039254
-18.046404	-0.039872
-18.031322	-0.040482
-18.016239	-0.041083
-18.001156	-0.041676
-17.986074	-0.042261
-17.970991	-0.042837
-17.955908	-0.043404
-17.940826	-0.043963
-17.925743	-0.044512
-17.910660	-0.045052
-17.895578	-0.045582
-17.880495	-0.046104
-17.865412	-0.046615
-17.850330	-0.047117
-17.835247	-0.047609
-17.820164	-0.048091
-17.805082	-0.048563
-17.789999	-0.049024
-17.774916	-0.049475
-17.759834	-0.049916
-17.744751	-0.050346
-17.729668	-0.050765
-17.714586	-0.051174
-17.699503	-0.051571
-17.684420	-0.051958
-17.669338	-0.052333
-17.654255	-0.052697
-17.639172	-0.053050
-17.624090	-0.053391
-17.609007	-0.053720
-17.593924	-0.054038
-17.578842	-0.054344
-17.563759	-0.054639
-17.548676	-0.054921
-17.533594	-0.055191
-17.518511	-0.055450
-17.503428	-0.055696
-17.488346	-0.055930
-17.473263	-0.056151
-17.458180	-0.056360
-17.443098	-0.056557
-17.428015	-0.056741
-17.412932	-0.056912
-17.397850	-0.057071
-17.382767	-0.057217
-17.367684	-0.057351
-17.352602	-0.057471
-17.337519	-0.057579
-17.322436	-0.057674
-17.307354	-0.057755
-17.292271	-0.057824
-17.277188	-0.057880
-17.262106	-0.057922
-17.247023	-0.057952
-17.231941	-0.057968
-17.216858	-0.057971
-17.201775	-0.057961
-17.186693	-0.057938
-17.171610	-0.057902
-17.156527	-0.057852
-17.141445	-0.057789
-17.126362	-0.057713
-17.111279	-0.057623
-17.096197	-0.057520
-17.081114	-0.057404
-17.066031	-0.057275
-17.050949	-0.057132
-17.035866	-0.056977
-17.020783	-0.056808
-17.005701	-0.056625
-16.990618	-0.056430
-16.975535	-0.056221
-16.960453	-0.055999
-16.945370	-0.055764
-16.930287	-0.055516
-16.915205	-0.055254
-16.900122	-0.054980
-16.885039	-0.054693
-16.869957	-0.054392
-16.854874	-0.054079
-16.839791	-0.053753
-16.824709	-0.053414
-16.809626	-0.053062
-16.794543	-0.052698
-16.779461	-0.052321
-16.764378	-0.051931
-16.749295	-0.051529
-16.734213	-0.051115
-16.719130	-0.050688
-16.704047	-0.050248
-16.688965	-0.049797
-16.673882	-0.049333
-16.658799	-0.048857
-16.643717	-0.048369
-16.628634	-0.047870
-16.613551	-0.047358
-16.598469	-0.046835
-16.583386	-0.046300
-16.568303	-0.045754
-16.553221	-0.045196
-16.538138	-0.044627
-16.523055	-0.044047
-16.507973	-0.043456
-16.492890	-0.042853
-16.477807	-0.042240
-16.462725	-0.041616
-16.447642	-0.040982
-16.432559	-0.040337
-16.417477	-0.039681
-16.402394	-0.039016
-16.387311	-0.038340
-16.372229	-0.037654
-16.357146	-0.036959
-16.342063	-0.036253
-16.326981	-0.035538
-16.311898	-0.034814
-16.296816	-0.034081
-16.281733	-0.033338
-16.266650	-0.032587
-16.251568	-0.031826
-16.236485	-0.031057
-16.221402	-0.030279
-16.206320	-0.029494
-16.191237	-0.028699
-16.176154	-0.027897
-16.161072	-0.027087
-16.145989	-0.026270
-16.130906	-0.025445
-16.115824	-0.024612
-16.100741	-0.023773
-16.085658	-0.022926
-16.070576	-0.022073
-16.055493	-0.021212
-16.040410	-0.020346
-16.025328	-0.019473
-16.010245	-0.018594
-15.995162	-0.017710
-15.980080	-0.016819
-15.964997	-0.015923
-15.949914	-0.015022
-15.934832	-0.014115
-15.919749	-0.013204
-15.904666	-0.012288
-15.889584	-0.011367
-15.874501	-0.010442
-15.859418	-0.009513
-15.844336	-0.008580
-15.829253	-0.007644
-15.814170	-0.006703
-15.799088	-0.005760
-15.784005	-0.004813
-15.768922	-0.003863
-15.753840	-0.002911
-15.738757	-0.001956
-15.723674	-0.000999
-15.708592	-0.000040
-15.693509	0.000921
-15.678426	0.001884
-15.663344	0.002848
-15.648261	0.003813
-15.633178	0.004779
-15.618096	0.005746
-15.603013	0.006714
-15.587930	0.007682
-15.572848	0.008650
-15.557765	0.009618
-15.542682	0.010586
-15.527600	0.011553
-15.512517	0.012519
-15.497434	0.013485
-15.482352	0.014449
-15.467269	0.015412
-15.452186	0.016373
-15.437104	0.017332
-15.422021	0.018290
-15.406938	0.019245
-15.391856	0.020197
-15.376773	0.021147
-15.361691	0.022094
-15.346608	0.023037
-15.331525	0.023977
-15.316443	0.024914
-15.301360	0.025847
-15.286277	0.026776
-15.271195	0.027700
-15.256112	0.028620
-15.241029	0.029535
-15.225947	0.030446
-15.210864	0.031351
-15.195781	0.032251
-15.180699	0.033145
-15.165616	0.034034
-15.150533	0.034917
-15.135451	0.035793
-15.120368	0.036663
-15.105285	0.037527
-15.090203	0.038383
-15.075120	0.039233
-15.060037	0.040075
-15.044955	0.040910
-15.029872	0.041737
-15.014789	0.042557
-14.999707	0.043368
-14.984624	0.044171
-14.969541	0.044966
-14.954459	0.045752
-14.939376	0.046529
-14.924293	0.047298
-14.909211	0.048057
-14.894128	0.048806
-14.879045	0.049546
-14.863963	0.050276
-14.848880	0.050997
-14.833797	0.051707
-14.818715	0.052407
-14.803632	0.053096
-14.788549	0.053774
-14.773467	0.054442
-14.758384	0.055099
-14.743301	0.055744
-14.728219	0.056379
-14.713136	0.057001
-14.698053	0.057612
-14.682971	0.058211
-14.667888	0.058798
-14.652805	0.059373
-14.637723	0.059935
-14.622640	0.060485
-14.607557	0.061023
-14.592475	0.061547
-14.577392	0.062059
-14.562309	0.062557
-14.547227	0.063043
-14.532144	0.063515
-14.517061	0.063973
-14.501979	0.064418
-14.486896	0.064849
-14.471813	0.065267
-14.456731	0.065670
-14.441648	0.066059
-14.426566	0.066434
-14.411483	0.066795
-14.396400	0.067141
-14.381318	0.067472
-14.366235	0.067789
-14.351152	0.068092
-14.336070	0.068379
-14.320987	0.068651
-14.305904	0.068908
-14.290822	0.069151
-14.275739	0.069377
-14.260656	0.069589
-14.245574	0.069785
-14.230491	0.069966
-14.215408	0.070131
-14.200326	0.070281
-14.185243	0.070414
-14.170160	0.070532
-14.155078	0.070635
-14.139995	0.070721
-14.124912	0.070792
-14.109830	0.070846
-14.094747	0.070885
-14.079664	0.070907
-14.064582	0.070913
-14.049499	0.070904
-14.034416	0.070878
-14.019334	0.070835
-14.004251	0.070777
-13.989168	0.070702
-13.974086	0.070612
-13.959003	0.070504
-13.943920	0.070381
-13.928838	0.070241
-13.913755	0.070085
-13.898672	0.069913
-13.883590	0.069724
-13.868507	0.069519
-13.853424	0.069298
-13.838342	0.069061
-13.823259	0.068807
-13.808176	0.068537
-13.793094	0.068251
-13.778011	0.067948
-13.762928	0.067630
-13.747846	0.067295
-13.732763	0.066945
-13.717680	0.066578
-13.702598	0.066196
-13.687515	0.065797
-13.672432	0.065383
-13.657350	0.064953
-13.642267	0.064507
-13.627184	0.064045
-13.612102	0.063568
-13.597019	0.063075
-13.581936	0.062567
-13.566854	0.062043
-13.551771	0.061504
-13.536688	0.060950
-13.521606	0.060381
-13.506523	0.059797
-13.491441	0.059198
-13.476358	0.058584
-13.461275	0.057955
-13.446193	0.057312
-13.431110	0.056654
-13.416027	0.055982
-13.400945	0.055295
-13.385862	0.054595
-13.370779	0.053880
-13.355697	0.053152
-13.340614	0.052410
-13.325531	0.051654
-13.310449	0.050884
-13.295366	0.050102
-13.280283	0.049306
-13.265201	0.048497
-13.250118	0.047675
-13.235035	0.046841
-13.219953	0.045994
-13.204870	0.045134
-13.189787	0.044262
-13.174705	0.043379
-13.159622	0.042483
-13.144539	0.041576
-13.129457	0.040657
-13.114374	0.039726
-13.099291	0.038785
-13.084209	0.037832
-13.069126	0.036869
-13.054043	0.035895
-13.038961	0.034910
-13.023878	0.033916
-13.008795	0.032911
-12.993713	0.031896
-12.978630	0.030872
-12.963547	0.029839
-12.948465	0.028796
-12.933382	0.027744
-12.918299	0.026684
-12.903217	0.025615
-12.888134	0.024537
-12.873051	0.023452
-12.857969	0.022358
-12.842886	0.021257
-12.827803	0.020149
-12.812721	0.019033
-12.797638	0.017910
-12.782555	0.016781
-12.767473	0.015645
-12.752390	0.014503
-12.737307	0.013355
-12.722225	0.012201
-12.707142	0.011042
-12.692059	0.009877
-12.676977	0.008707
-12.661894	0.007533
-12.646811	0.006354
-12.631729	0.005170
-12.616646	0.003983
-12.601563	0.002792
-12.586481	0.001598
-12.571398	0.000400
-12.556316	-0.000801
-12.541233	-0.002004
-12.526150	-0.003210
-12.511068	-0.004418
-12.495985	-0.005628
-12.480902	-0.006840
-12.465820	-0.008053
-12.450737	-0.009267
-12.435654	-0.010482
-12.420572	-0.011697
-12.405489	-0.012913
-12.390406	-0.014128
-12.375324	-0.015344
-12.360241	-0.016559
-12.345158	-0.017773
-12.330076	-0.018986
-12.314993	-0.020198
-12.299910	-0.021408
-12.284828	-0.022616
-12.269745	-0.023822
-12.254662	-0.025026
-12.239580	-0.026227
-12.224497	-0.027425
-12.209414	-0.028619
-12.194332	-0.029810
-12.179249	-0.030997
-12.164166	-0.032180
-12.149084	-0.033359
-12.134001	-0.034533
-12.118918	-0.035702
-12.103836	-0.036866
-12.088753	-0.038024
-12.073670	-0.039177
-12.058588	-0.040323
-12.043505	-0.041463
-12.028422	-0.042597
-12.013340	-0.043724
-11.998257	-0.044843
-11.983174	-0.045956
-11.968092	-0.047060
-11.953009	-0.048157
-11.937926	-0.049245
-11.922844	-0.050325
-11.907761	-0.051397
-11.892678	-0.052459
-11.877596	-0.053512
-11.862513	-0.054555
-11.847430	-0.055589
-11.832348	-0.056613
-11.817265	-0.057626
-11.802182	-0.058629
-11.787100	-0.059621
-11.772017	-0.060602
-11.756934	-0.061572
-11.741852	-0.062530
-11.726769	-0.063477
-11.711686	-0.064411
-11.696604	-0.065333
-11.681521	-0.066243
-11.666438	-0.067140
-11.651356	-0.068024
-11.636273	-0.068895
-11.621191	-0.069752
-11.606108	-0.070596
-11.591025	-0.071426
-11.575943	-0.072241
-11.560860	-0.073043
-11.545777	-0.073829
-11.530695	-0.074602
-11.515612	-0.075359
-11.500529	-0.076101
-11.485447	-0.076827
-11.470364	-0.077538
-11.455281	-0.078233
-11.440199	-0.078912
-11.425116	-0.079575
-11.410033	-0.080222
-11.394951	-0.080852
-11.379868	-0.081465
-11.364785	-0.082062
-11.349703	-0.082641
-11.334620	-0.083203
-11.319537	-0.083747
-11.304455	-0.084274
-11.289372	-0.084783
-11.274289	-0.085275
-11.259207	-0.085748
-11.244124	-0.086202
-11.229041	-0.086639
-11.213959	-0.087057
-11.198876	-0.087456
-11.183793	-0.087836
-11.168711	-0.088197
-11.153628	-0.088539
-11.138545	-0.088862
-11.123463	-0.089166
-11.108380	-0.089450
-11.093297	-0.089714
-11.078215	-0.089959
-11.063132	-0.090184
-11.048049	-0.090389
-11.032967	-0.090574
-11.017884	-0.090739
-11.002801	-0.090884
-10.987719	-0.091008
-10.972636	-0.091112
-10.957553	-0.091195
-10.942471	-0.091258
-10.927388	-0.091301
-10.912305	-0.091322
-10.897223	-0.091323
-10.882140	-0.091303
-10.867057	-0.091262
-10.851975	-0.091201
-10.836892	-0.091118
-10.821809	-0.091014
-10.806727	-0.090890
-10.791644	-0.090744
-10.776561	-0.090577
-10.761479	-0.090389
-10.746396	-0.090181
-10.731313	-0.089950
-10.716231	-0.089699
-10.701148	-0.089427
-10.686066	-0.089133
-10.670983	-0.088819
-10.655900	-0.088483
-10.640818	-0.088126
-10.625735	-0.087748
-10.610652	-0.087349
-10.595570	-0.086929
-10.580487	-0.086488
-10.565404	-0.086026
-10.550322	-0.085543
-10.535239	-0.085039
-10.520156	-0.084514
-10.505074	-0.083969
-10.489991	-0.083403
-10.474908	-0.082816
-10.459826	-0.082209
-10.444743	-0.081581
-10.429660	-0.080933
-10.414578	-0.080264
-10.399495	-0.079575
-10.384412	-0.078866
-10.369330	-0.078138
-10.354247	-0.077389
-10.339164	-0.076620
-10.324082	-0.075832
-10.308999	-0.075024
-10.293916	-0.074197
-10.278834	-0.073350
-10.263751	-0.072484
-10.248668	-0.071599
-10.233586	-0.070695
-10.218503	-0.069772
-10.203420	-0.068831
-10.188338	-0.067871
-10.173255	-0.066893
-10.158172	-0.065897
-10.143090	-0.064883
-10.128007	-0.063851
-10.112924	-0.062801
-10.097842	-0.061734
-10.082759	-0.060650
-10.067676	-0.059549
-10.052594	-0.058431
-10.037511	-0.057296
-10.022428	-0.056144
-10.007346	-0.054977
-9.992263	-0.053793
-9.977180	-0.052593
-9.962098	-0.051378
-9.947015	-0.050148
-9.931932	-0.048902
-9.916850	-0.047641
-9.901767	-0.046366
-9.886684	-0.045076
-9.871602	-0.043772
-9.856519	-0.042454
-9.841436	-0.041123
-9.826354	-0.039778
-9.811271	-0.038419
-9.796188	-0.037048
-9.781106	-0.035664
-9.766023	-0.034268
-9.750941	-0.032859
-9.735858	-0.031439
-9.720775	-0.030007
-9.705693	-0.028564
-9.690610	-0.027110
-9.675527	-0.025645
-9.660445	-0.024170
-9.645362	-0.022684
-9.630279	-0.021189
-9.615197	-0.019684
-9.600114	-0.018171
-9.585031	-0.016648
-9.569949	-0.015116
-9.554866	-0.013576
-9.539783	-0.012029
-9.524701	-0.010473
-9.509618	-0.008911
-9.494535	-0.007341
-9.479453	-0.005765
-9.464370	-0.004182
-9.449287	-0.002594
-9.434205	-0.000999
-9.419122	0.000600
-9.404039	0.002205
-9.388957	0.003814
-9.373874	0.005428
-9.358791	0.007046
-9.343709	0.008667
-9.328626	0.010291
-9.313543	0.011919
-9.298461	0.013549
-9.283378	0.015181
-9.268295	0.016815
-9.253213	0.018450
-9.238130	0.020087
-9.223047	0.021724
-9.207965	0.023362
-9.192882	0.025000
-9.177799	0.026638
-9.162717	0.028275
-9.147634	0.029910
-9.132551	0.031545
-9.117469	0.033178
-9.102386	0.034808
-9.087303	0.036436
-9.072221	0.038061
-9.057138	0.039683
-9.042055	0.041301
-9.026973	0.042915
-9.011890	0.044525
-8.996807	0.046130
-8.981725	0.047730
-8.966642	0.049325
-8.951559	0.050913
-8.936477	0.052496
-8.921394	0.054071
-8.906311	0.055640
-8.891229	0.057202
-8.876146	0.058755
-8.861063	0.060301
-8.845981	0.061838
-8.830898	0.063366
-8.815816	0.064885
-8.800733	0.066395
-8.785650	0.067894
-8.770568	0.069384
-8.755485	0.070862
-8.740402	0.072330
-8.725320	0.073786
-8.710237	0.075230
-8.695154	0.076662
-8.680072	0.078082
-8.664989	0.079489
-8.649906	0.080882
-8.634824	0.082262
-8.619741	0.083629
-8.604658	0.084980
-8.589576	0.086318
-8.574493	0.087640
-8.559410	0.088947
-8.544328	0.090238
-8.529245	0.091514
-8.514162	0.092773
-8.499080	0.094015
-8.483997	0.095240
-8.468914	0.096448
-8.453832	0.097639
-8.438749	0.098811
-8.423666	0.099965
-8.408584	0.101100
-8.393501	0.102217
-8.378418	0.103314
-8.363336	0.104391
-8.348253	0.105449
-8.333170	0.106486
-8.318088	0.107503
-8.303005	0.108499
-8.287922	0.109474
-8.272840	0.110428
-8.257757	0.111360
-8.242674	0.112270
-8.227592	0.113158
-8.212509	0.114023
-8.197426	0.114865
-8.182344	0.115685
-8.167261	0.116481
-8.152178	0.117253
-8.137096	0.118002
-8.122013	0.118726
-8.106930	0.119426
-8.091848	0.120101
-8.076765	0.120752
-8.061682	0.121378
-8.046600	0.121978
-8.031517	0.122552
-8.016434	0.123101
-8.001352	0.123624
-7.986269	0.124121
-7.971186	0.124591
-7.956104	0.125035
-7.941021	0.125452
-7.925938	0.125842
-7.910856	0.126204
-7.895773	0.126539
-7.880691	0.126847
-7.865608	0.127127
-7.850525	0.127379
-7.835443	0.127603
-7.820360	0.127799
-7.805277	0.127967
-7.790195	0.128105
-7.775112	0.128216
-7.760029	0.128297
-7.744947	0.128350
-7.729864	0.128373
-7.714781	0.128368
-7.699699	0.128333
-7.684616	0.128268
-7.669533	0.128174
-7.654451	0.128051
-7.639368	0.127898
-7.624285	0.127715
-7.609203	0.127502
-7.594120	0.127260
-7.579037	0.126987
-7.563955	0.126685
-7.548872	0.126352
-7.533789	0.125989
-7.518707	0.125596
-7.503624	0.125173
-7.488541	0.124719
-7.473459	0.124236
-7.458376	0.123722
-7.443293	0.123177
-7.428211	0.122603
-7.413128	0.121998
-7.398045	0.121363
-7.382963	0.120698
-7.367880	0.120002
-7.352797	0.119276
-7.337715	0.118520
-7.322632	0.117734
-7.307549	0.116918
-7.292467	0.116072
-7.277384	0.115196
-7.262301	0.114289
-7.247219	0.113354
-7.232136	0.112388
-7.217053	0.111393
-7.201971	0.110368
-7.186888	0.109313
-7.171805	0.108230
-7.156723	0.107117
-7.141640	0.105975
-7.126557	0.104804
-7.111475	0.103604
-7.096392	0.102375
-7.081309	0.101118
-7.066227	0.099832
-7.051144	0.098519
-7.036061	0.097177
-7.020979	0.095807
-7.005896	0.094409
-6.990813	0.092984
-6.975731	0.091531
-6.960648	0.090052
-6.945566	0.088545
-6.930483	0.087012
-6.915400	0.085452
-6.900318	0.083866
-6.885235	0.082253
-6.870152	0.080615
-6.855070	0.078951
-6.839987	0.077262
-6.824904	0.075548
-6.809822	0.073809
-6.794739	0.072046
-6.779656	0.070258
-6.764574	0.068446
-6.749491	0.066611
-6.734408	0.064752
-6.719326	0.062870
-6.704243	0.060965
-6.689160	0.059038
-6.674078	0.057089
-6.658995	0.055117
-6.643912	0.053125
-6.628830	0.051111
-6.613747	0.049076
-6.598664	0.047020
-6.583582	0.044945
-6.568499	0.042850
-6.553416	0.040735
-6.538334	0.038601
-6.523251	0.036449
-6.508168	0.034278
-6.493086	0.032090
-6.478003	0.029884
-6.462920	0.027661
-6.447838	0.025421
-6.432755	0.023165
-6.417672	0.020893
-6.402590	0.018605
-6.387507	0.016303
-6.372424	0.013985
-6.357342	0.011654
-6.342259	0.009309
-6.327176	0.006950
-6.312094	0.004579
-6.297011	0.002196
-6.281928	-0.000200
-6.266846	-0.002607
-6.251763	-0.005025
-6.236680	-0.007454
-6.221598	-0.009893
-6.206515	-0.012341
-6.191432	-0.014799
-6.176350	-0.017265
-6.161267	-0.019739
-6.146184	-0.022221
-6.131102	-0.024710
-6.116019	-0.027205
-6.100936	-0.029707
-6.085854	-0.032215
-6.070771	-0.034727
-6.055688	-0.037244
-6.040606	-0.039765
-6.025523	-0.042290
-6.010441	-0.044818
-5.995358	-0.047348
-5.980275	-0.049880
-5.965193	-0.052414
-5.950110	-0.054949
-5.935027	-0.057484
-5.919945	-0.060018
-5.904862	-0.062552
-5.889779	-0.065085
-5.874697	-0.067616
-5.859614	-0.070144
-5.844531	-0.072670
-5.829449	-0.075192
-5.814366	-0.077710
-5.799283	-0.080223
-5.784201	-0.082731
-5.769118	-0.085234
-5.754035	-0.087730
-5.738953	-0.090219
-5.723870	-0.092701
-5.708787	-0.095174
-5.693705	-0.097639
-5.678622	-0.100095
-5.663539	-0.102541
-5.648457	-0.104977
-5.633374	-0.107402
-5.618291	-0.109816
-5.603209	-0.112217
-5.588126	-0.114606
-5.573043	-0.116981
-5.557961	-0.119343
-5.542878	-0.121690
-5.527795	-0.124023
-5.512713	-0.126340
-5.497630	-0.128640
-5.482547	-0.130925
-5.467465	-0.133191
-5.452382	-0.135440
-5.437299	-0.137671
-5.422217	-0.139883
-5.407134	-0.142075
-5.392051	-0.144247
-5.376969	-0.146398
-5.361886	-0.148528
-5.346803	-0.150636
-5.331721	-0.152721
-5.316638	-0.154784
-5.301555	-0.156823
-5.286473	-0.158838
-5.271390	-0.160828
-5.256307	-0.162793
-5.241225	-0.164732
-5.226142	-0.166644
-5.211059	-0.168530
-5.195977	-0.170388
-5.180894	-0.172218
-5.165811	-0.174020
-5.150729	-0.175792
-5.135646	-0.177535
-5.120564	-0.179247
-5.105481	-0.180929
-5.090398	-0.182579
-5.075316	-0.184198
-5.060233	-0.185784
-5.045150	-0.187337
-5.030068	-0.188857
-5.014985	-0.190343
-4.999902	-0.191794
-4.984820	-0.193211
-4.969737	-0.194591
-4.954654	-0.195936
-4.939572	-0.197245
-4.924489	-0.198516
-4.909406	-0.199750
-4.894324	-0.200946
-4.879241	-0.202104
-4.864158	-0.203222
-4.849076	-0.204301
-4.833993	-0.205341
-4.818910	-0.206340
-4.803828	-0.207298
-4.788745	-0.208215
-4.773662	-0.209090
-4.758580	-0.209923
-4.743497	-0.210713
-4.728414	-0.211460
-4.713332	-0.212164
-4.698249	-0.212824
-4.683166	-0.213440
-4.668084	-0.214010
-4.653001	-0.214536
-4.637918	-0.215016
-4.622836	-0.215451
-4.607753	-0.215839
-4.592670	-0.216180
-4.577588	-0.216474
-4.562505	-0.216721
-4.547422	-0.216919
-4.532340	-0.217070
-4.517257	-0.217172
-4.502174	-0.217225
-4.487092	-0.217229
-4.472009	-0.217184
-4.456926	-0.217088
-4.441844	-0.216943
-4.426761	-0.216746
-4.411678	-0.216500
-4.396596	-0.216201
-4.381513	-0.215852
-4.366430	-0.215451
-4.351348	-0.214998
-4.336265	-0.214492
-4.321182	-0.213934
-4.306100	-0.213324
-4.291017	-0.212660
-4.275934	-0.211943
-4.260852	-0.211173
-4.245769	-0.210349
-4.230686	-0.209471
-4.215604	-0.208539
-4.200521	-0.207553
-4.185439	-0.206512
-4.170356	-0.205417
-4.155273	-0.204267
-4.140191	-0.203061
-4.125108	-0.201801
-4.110025	-0.200485
-4.094943	-0.199114
-4.079860	-0.197687
-4.064777	-0.196204
-4.049695	-0.194666
-4.034612	-0.193071
-4.019529	-0.191421
-4.004447	-0.189714
-3.989364	-0.187952
-3.974281	-0.186133
-3.959199	-0.184257
-3.944116	-0.182325
-3.929033	-0.180337
-3.913951	-0.178292
-3.898868	-0.176191
-3.883785	-0.174033
-3.868703	-0.171818
-3.853620	-0.169547
-3.838537	-0.167219
-3.823455	-0.164835
-3.808372	-0.162394
-3.793289	-0.159897
-3.778207	-0.157343
-3.763124	-0.154733
-3.748041	-0.152067
-3.732959	-0.149344
-3.717876	-0.146565
-3.702793	-0.143730
-3.687711	-0.140839
-3.672628	-0.137892
-3.657545	-0.134889
-3.642463	-0.131831
-3.627380	-0.128717
-3.612297	-0.125547
-3.597215	-0.122323
-3.582132	-0.119043
-3.567049	-0.115708
-3.551967	-0.112319
-3.536884	-0.108875
-3.521801	-0.105376
-3.506719	-0.101824
-3.491636	-0.098217
-3.476553	-0.094557
-3.461471	-0.090843
-3.446388	-0.087076
-3.431305	-0.083256
-3.416223	-0.079383
-3.401140	-0.075458
-3.386057	-0.071480
-3.370975	-0.067451
-3.355892	-0.063370
-3.340809	-0.059238
-3.325727	-0.055054
-3.310644	-0.050820
-3.295561	-0.046536
-3.280479	-0.042201
-3.265396	-0.037817
-3.250314	-0.033383
-3.235231	-0.028901
-3.220148	-0.024370
-3.205066	-0.019791
-3.189983	-0.015164
-3.174900	-0.010489
-3.159818	-0.005767
-3.144735	-0.000999
-3.129652	0.003815
-3.114570	0.008675
-3.099487	0.013581
-3.084404	0.018531
-3.069322	0.023526
-3.054239	0.028564
-3.039156	0.033647
-3.024074	0.038772
-3.008991	0.043939
-2.993908	0.049149
-2.978826	0.054400
-2.963743	0.059693
-2.948660	0.065025
-2.933578	0.070398
-2.918495	0.075810
-2.903412	0.081261
-2.888330	0.086751
-2.873247	0.092278
-2.858164	0.097842
-2.843082	0.103443
-2.827999	0.109080
-2.812916	0.114753
-2.797834	0.120461
-2.782751	0.126202
-2.767668	0.131978
-2.752586	0.137787
-2.737503	0.143628
-2.722420	0.149501
-2.707338	0.155405
-2.692255	0.161340
-2.677172	0.167305
-2.662090	0.173299
-2.647007	0.179322
-2.631924	0.185373
-2.616842	0.191451
-2.601759	0.197556
-2.586676	0.203687
-2.571594	0.209843
-2.556511	0.216024
-2.541428	0.222229
-2.526346	0.228457
-2.511263	0.234707
-2.496180	0.240979
-2.481098	0.247273
-2.466015	0.253586
-2.450932	0.259920
-2.435850	0.266272
-2.420767	0.272643
-2.405684	0.279031
-2.390602	0.285436
-2.375519	0.291857
-2.360436	0.298293
-2.345354	0.304743
-2.330271	0.311207
-2.315189	0.317685
-2.300106	0.324174
-2.285023	0.330675
-2.269941	0.337186
-2.254858	0.343708
-2.239775	0.350238
-2.224693	0.356777
-2.209610	0.363324
-2.194527	0.369877
-2.179445	0.376436
-2.164362	0.383000
-2.149279	0.389569
-2.134197	0.396142
-2.119114	0.402717
-2.104031	0.409294
-2.088949	0.415872
-2.073866	0.422451
-2.058783	0.429029
-2.043701	0.435606
-2.028618	0.442182
-2.013535	0.448754
-1.998453	0.455322
-1.983370	0.461887
-1.968287	0.468445
-1.953205	0.474998
-1.938122	0.481544
-1.923039	0.488082
-1.907957	0.494612
-1.892874	0.501132
-1.877791	0.507642
-1.862709	0.514141
-1.847626	0.520628
-1.832543	0.527103
-1.817461	0.533564
-1.802378	0.540011
-1.787295	0.546443
-1.772213	0.552859
-1.757130	0.559259
-1.742047	0.565640
-1.726965	0.572004
-1.711882	0.578348
-1.696799	0.584673
-1.681717	0.590976
-1.666634	0.597258
-1.651551	0.603518
-1.636469	0.609755
-1.621386	0.615967
-1.606303	0.622155
-1.591221	0.628317
-1.576138	0.634453
-1.561055	0.640562
-1.545973	0.646643
-1.530890	0.652695
-1.515807	0.658717
-1.500725	0.664709
-1.485642	0.670671
-1.470559	0.676600
-1.455477	0.682497
-1.440394	0.688360
-1.425311	0.694189
-1.410229	0.699983
-1.395146	0.705742
-1.380064	0.711464
-1.364981	0.717149
-1.349898	0.722796
-1.334816	0.728404
-1.319733	0.733973
-1.304650	0.739502
-1.289568	0.744990
-1.274485	0.750437
-1.259402	0.755841
-1.244320	0.761202
-1.229237	0.766519
-1.214154	0.771792
-1.199072	0.777020
-1.183989	0.782202
-1.168906	0.787337
-1.153824	0.792425
-1.138741	0.797466
-1.123658	0.802458
-1.108576	0.807400
-1.093493	0.812293
-1.078410	0.817136
-1.063328	0.821927
-1.048245	0.826666
-1.033162	0.831353
-1.018080	0.835987
-1.002997	0.840567
-0.987914	0.845093
-0.972832	0.849564
-0.957749	0.853980
-0.942666	0.858340
-0.927584	0.862642
-0.912501	0.866888
-0.897418	0.871076
-0.882336	0.875205
-0.867253	0.879276
-0.852170	0.883287
-0.837088	0.887238
-0.822005	0.891129
-0.806922	0.894958
-0.791840	0.898726
-0.776757	0.902432
-0.761674	0.906075
-0.746592	0.909655
-0.731509	0.913172
-0.716426	0.916624
-0.701344	0.920012
-0.686261	0.923335
-0.671178	0.926593
-0.656096	0.929785
-0.641013	0.932910
-0.625930	0.935969
-0.610848	0.938961
-0.595765	0.941885
-0.580682	0.944741
-0.565600	0.947529
-0.550517	0.950248
-0.535434	0.952899
-0.520352	0.955479
-0.505269	0.957990
-0.490186	0.960431
-0.475104	0.962802
-0.460021	0.965101
-0.444939	0.967330
-0.429856	0.969487
-0.414773	0.971573
-0.399691	0.973586
-0.384608	0.975528
-0.369525	0.977397
-0.354443	0.979193
-0.339360	0.980916
-0.324277	0.982566
-0.309195	0.984142
-0.294112	0.985645
-0.279029	0.987074
-0.263947	0.988429
-0.248864	0.989710
-0.233781	0.990916
-0.218699	0.992048
-0.203616	0.993104
-0.188533	0.994086
-0.173451	0.994993
-0.158368	0.995825
-0.143285	0.996582
-0.128203	0.997263
-0.113120	0.997869
-0.098037	0.998399
-0.082955	0.998853
-0.067872	0.999232
-0.052789	0.999536
-0.037707	0.999763
-0.022624	0.999915
-0.007541	0.999991
0.007541	0.999991
0.022624	0.999915
0.037707	0.999763
0.052789	0.999536
0.067872	0.999232
0.082955	0.998853
0.098037	0.998399
0.113120	0.997869
0.128203	0.997263
0.143285	0.996582
0.158368	0.995825
0.173451	0.994993
0.188533	0.994086
0.203616	0.993104
0.218699	0.992048
0.233781	0.990916
0.248864	0.989710
0.263947	0.988429
0.279029	0.987074
0.294112	0.985645
0.309195	0.984142
0.324277	0.982566
0.339360	0.980916
0.354443	0.979193
0.369525	0.977397
0.384608	0.975528
0.399691	0.973586
0.414773	0.971573
0.429856	0.969487
0.444939	0.967330
0.460021	0.965101
0.475104	0.962802
0.490186	0.960431
0.505269	0.957990
0.520352	0.955479
0.535434	0.952899
0.550517	0.950248
0.565600	0.947529
0.580682	0.944741
0.595765	0.941885
0.610848	0.938961
0.625930	0.935969
0.641013	0.932910
0.656096	0.929785
0.671178	0.926593
0.686261	0.923335
0.701344	0.920012
0.716426	0.916624
0.731509	0.913172
0.746592	0.909655
0.761674	0.906075
0.776757	0.902432
0.791840	0.898726
0.806922	0.894958
0.822005	0.891129
0.837088	0.887238
0.852170	0.883287
0.867253	0.879276
0.882336	0.875205
0.897418	0.871076
0.912501	0.866888
0.927584	0.862642
0.942666	0.858340
0.957749	0.853980
0.972832	0.849564
0.987914	0.845093
1.002997	0.840567
1.018080	0.835987
1.033162	0.831353
1.048245	0.826666
1.063328	0.821927
1.078410	0.817136
1.093493	0.812293
1.108576	0.807400
1.123658	0.802458
1.138741	0.797466
1.153824	0.792425
1.168906	0.787337
1.183989	0.782202
1.199072	0.777020
1.214154	0.771792
1.229237	0.766519
1.244320	0.761202
1.259402	0.755841
1.274485	0.750437
1.289568	0.744990
1.304650	0.739502
1.319733	0.733973
1.334816	0.728404
1.349898	0.722796
1.364981	0.717149
1.380064	0.711464
1.395146	0.705742
1.410229	0.699983
1.425311	0.694189
1.440394	0.688360
1.455477	0.682497
1.470559	0.676600
1.485642	0.670671
1.500725	0.664709
1.515807	0.658717
1.530890	0.652695
1.545973	0.646643
1.561055	0.640562
1.576138	0.634453
1.591221	0.628317
1.606303	0.622155
1.621386	0.615967
1.636469	0.609755
1.651551	0.603518
1.666634	0.597258
1.681717	0.590976
1.696799	0.584673
1.711882	0.578348
1.726965	0.572004
1.742047	0.565640
1.757130	0.559259
1.772213	0.552859
1.787295	0.546443
1.802378	0.540011
1.817461	0.533564
1.832543	0.527103
1.847626	0.520628
1.862709	0.514141
1.877791	0.507642
1.892874	0.501132
1.907957	0.494612
1.923039	0.488082
1.938122	0.481544
1.953205	0.474998
1.968287	0.468445
1.983370	0.461887
1.998453	0.455322
2.013535	0.448754
2.028618	0.442182
2.043701	0.435606
2.058783	0.429029
2.073866	0.422451
2.088949	0.415872
2.104031	0.409294
2.119114	0.402717
2.134197	0.396142
2.149279	0.389569
2.164362	0.383000
2.179445	0.376436
2.194527	0.369877
2.209610	0.363324
2.224693	0.356777
2.239775	0.350238
2.254858	0.343708
2.269941	0.337186
2.285023	0.330675
2.300106	0.324174
2.315189	0.317685
2.330271	0.311207
2.345354	0.304743
2.360436	0.298293
2.375519	0.291857
2.390602	0.285436
2.405684	0.279031
2.420767	0.272643
2.435850	0.266272
2.450932	0.259920
2.466015	0.253586
2.481098	0.247273
2.496180	0.240979
2.511263	0.234707
2.526346	0.228457
2.541428	0.222229
2.556511	0.216024
2.571594	0.209843
2.586676	0.203687
2.601759	0.197556
2.616842	0.191451
2.631924	0.185373
2.647007	0.179322
2.662090	0.173299
2.677172	0.167305
2.692255	0.161340
2.707338	0.155405
2.722420	0.149501
2.737503	0.143628
2.752586	0.137787
2.767668	0.131978
2.782751	0.126202
2.797834	0.120461
2.812916	0.114753
2.827999	0.109080
2.843082	0.103443
2.858164	0.097842
2.873247	0.092278
2.888330	0.086751
2.903412	0.081261
2.918495	0.075810
2.933578	0.070398
2.948660	0.065025
2.963743	0.059693
2.978826	0.054400
2.993908	0.049149
3.008991	0.043939
3.024074	0.038772
3.039156	0.033647
3.054239	0.028564
3.069322	0.023526
3.084404	0.018531
3.099487	0.013581
3.114570	0.008675
3.129652	0.003815
3.144735	-0.000999
3.159818	-0.005767
3.174900	-0.010489
3.189983	-0.015164
3.205066	-0.019791
3.220148	-0.024370
3.235231	-0.028901
3.250314	-0.033383
3.265396	-0.037817
3.280479	-0.042201
3.295561	-0.046536
3.310644	-0.050820
3.325727	-0.055054
3.340809	-0.059238
3.355892	-0.063370
3.370975	-0.067451
3.386057	-0.071480
3.401140	-0.075458
3.416223	-0.079383
3.431305	-0.083256
3.446388	-0.087076
3.461471	-0.090843
3.476553	-0.094557
3.491636	-0.098217
3.506719	-0.101824
3.521801	-0.105376
3.536884	-0.108875
3.551967	-0.112319
3.567049	-0.115708
3.582132	-0.119043
3.597215	-0.122323
3.612297	-0.125547
3.627380	-0.128717
3.642463	-0.131831
3.657545	-0.134889
3.672628	-0.137892
3.687711	-0.140839
3.702793	-0.143730
3.717876	-0.146565
3.732959	-0.149344
3.748041	-0.152067
3.763124	-0.154733
3.778207	-0.157343
3.793289	-0.159897
3.808372	-0.162394
3.823455	-0.164835
3.838537	-0.167219
3.853620	-0.169547
3.868703	-0.171818
3.883785	-0.174033
3.898868	-0.176191
3.913951	-0.178292
3.929033	-0.180337
3.944116	-0.182325
3.959199	-0.184257
3.974281	-0.186133
3.989364	-0.187952
4.004447	-0.189714
4.019529	-0.191421
4.034612	-0.193071
4.049695	-0.194666
4.064777	-0.196204
4.079860	-0.197687
4.094943	-0.199114
4.110025	-0.200485
4.125108	-0.201801
4.140191	-0.203061
4.155273	-0.204267
4.170356	-0.205417
4.185439	-0.206512
4.200521	-0.207553
4.215604	-0.208539
4.230686	-0.209471
4.245769	-0.210349
4.260852	-0.211173
4.275934	-0.211943
4.291017	-0.212660
4.306100	-0.213324
4.321182	-0.213934
4.336265	-0.214492
4.351348	-0.214998
4.366430	-0.215451
4.381513	-0.215852
4.396596	-0.216201
4.411678	-0.216500
4.426761	-0.216746
4.441844	-0.216943
4.456926	-0.217088
4.472009	-0.217184
4.487092	-0.217229
4.502174	-0.217225
4.517257	-0.217172
4.532340	-0.217070
4.547422	-0.216919
4.562505	-0.216721
4.577588	-0.216474
4.592670	-0.216180
4.607753	-0.215839
4.622836	-0.215451
4.637918	-0.215016
4.653001	-0.214536
4.668084	-0.214010
4.683166	-0.213440
4.698249	-0.212824
4.713332	-0.212164
4.728414	-0.211460
4.743497	-0.210713
4.758580	-0.209923
4.773662	-0.209090
4.788745	-0.208215
4.803828	-0.207298
4.818910	-0.206340
4.833993	-0.205341
4.849076	-0.204301
4.864158	-0.203222
4.879241	-0.202104
4.894324	-0.200946
4.909406	-0.199750
4.924489	-0.198516
4.939572	-0.197245
4.954654	-0.195936
4.969737	-0.194591
4.984820	-0.193211
4.999902	-0.191794
5.014985	-0.190343
5.030068	-0.188857
5.045150	-0.187337
5.060233	-0.185784
5.075316	-0.184198
5.090398	-0.182579
5.105481	-0.180929
5.120564	-0.179247
5.135646	-0.177535
5.150729	-0.175792
5.165811	-0.174020
5.180894	-0.172218
5.195977	-0.170388
5.211059	-0.168530
5.226142	-0.166644
5.241225	-0.164732
5.256307	-0.162793
5.271390	-0.160828
5.286473	-0.158838
5.301555	-0.156823
5.316638	-0.154784
5.331721	-0.152721
5.346803	-0.150636
5.361886	-0.148528
5.376969	-0.146398
5.392051	-0.144247
5.407134	-0.142075
5.422217	-0.139883
5.437299	-0.137671
5.452382	-0.135440
5.467465	-0.133191
5.482547	-0.130925
5.497630	-0.128640
5.512713	-0.126340
5.527795	-0.124023
5.542878	-0.121690
5.557961	-0.119343
5.573043	-0.116981
5.588126	-0.114606
5.603209	-0.112217
5.618291	-0.109816
5.633374	-0.107402
5.648457	-0.104977
5.663539	-0.102541
5.678622	-0.100095
5.693705	-0.097639
5.708787	-0.095174
5.723870	-0.092701
5.738953	-0.090219
5.754035	-0.087730
5.769118	-0.085234
5.784201	-0.082731
5.799283	-0.080223
5.814366	-0.077710
5.829449	-0.075192
5.844531	-0.072670
5.859614	-0.070144
5.874697	-0.067616
5.889779	-0.065085
5.904862	-0.062552
5.919945	-0.060018
5.935027	-0.057484
5.950110	-0.054949
5.965193	-0.052414
5.980275	-0.049880
5.995358	-0.047348
6.010441	-0.044818
6.025523	-0.042290
6.040606	-0.039765
6.055688	-0.037244
6.070771	-0.034727
6.085854	-0.032215
6.100936	-0.029707
6.116019	-0.027205
6.131102	-0.024710
6.146184	-0.022221
6.161267	-0.019739
6.176350	-0.017265
6.191432	-0.014799
6.206515	-0.012341
6.221598	-0.009893
6.236680	-0.007454
6.251763	-0.005025
6.266846	-0.002607
6.281928	-0.000200
6.297011	0.002196
6.312094	0.004579
6.327176	0.006950
6.342259	0.009309
6.357342	0.011654
6.372424	0.013985
6.387507	0.016303
6.402590	0.018605
6.417672	0.020893
6.432755	0.023165
6.447838	0.025421
6.462920	0.027661
6.478003	0.029884
6.493086	0.032090
6.508168	0.034278
6.523251	0.036449
6.538334	0.038601
6.553416	0.040735
6.568499	0.042850
6.583582	0.044945
6.598664	0.047020
6.613747	0.049076
6.628830	0.051111
6.643912	0.053125
6.658995	0.055117
6.674078	0.057089
6.689160	0.059038
6.704243	0.060965
6.719326	0.062870
6.734408	0.064752
6.749491	0.066611
6.764574	0.068446
6.779656	0.070258
6.794739	0.072046
6.809822	0.073809
6.824904	0.075548
6.839987	0.077262
6.855070	0.078951
6.870152	0.080615
6.885235	0.082253
6.900318	0.083866
6.915400	0.085452
6.930483	0.087012
6.945566	0.088545
6.960648	0.090052
6.975731	0.091531
6.990813	0.092984
7.005896	0.094409
7.020979	0.095807
7.036061	0.097177
7.051144	0.098519
7.066227	0.099832
7.081309	0.101118
7.096392	0.102375
7.111475	0.103604
7.126557	0.104804
7.141640	0.105975
7.156723	0.107117
7.171805	0.108230
7.186888	0.109313
7.201971	0.110368
7.217053	0.111393
7.232136	0.112388
7.247219	0.113354
7.262301	0.114289
7.277384	0.115196
7.292467	0.116072
7.307549	0.116918
7.322632	0.117734
7.337715	0.118520
7.352797	0.119276
7.367880	0.120002
7.382963	0.120698
7.398045	0.121363
7.413128	0.121998
7.428211	0.122603
7.443293	0.123177
7.458376	0.123722
7.473459	0.124236
7.488541	0.124719
7.503624	0.125173
7.518707	0.125596
7.533789	0.125989
7.548872	0.126352
7.563955	0.126685
7.579037	0.126987
7.594120	0.127260
7.609203	0.127502
7.624285	0.127715
7.639368	0.127898
7.654451	0.128051
7.669533	0.128174
7.684616	0.128268
7.699699	0.128333
7.714781	0.128368
7.729864	0.128373
7.744947	0.128350
7.760029	0.128297
7.775112	0.128216
7.790195	0.128105
7.805277	0.127967
7.820360	0.127799
7.835443	0.127603
7.850525	0.127379
7.865608	0.127127
7.880691	0.126847
7.895773	0.126539
7.910856	0.126204
7.925938	0.125842
7.941021	0.125452
7.956104	0.125035
7.971186	0.124591
7.986269	0.124121
8.001352	0.123624
8.016434	0.123101
8.031517	0.122552
8.046600	0.121978
8.061682	0.121378
8.076765	0.120752
8.091848	0.120101
8.106930	0.119426
8.122013	0.118726
8.137096	0.118002
8.152178	0.117253
8.167261	0.116481
8.182344	0.115685
8.197426	0.114865
8.212509	0.114023
8.227592	0.113158
8.242674	0.112270
8.257757	0.111360
8.272840	0.110428
8.287922	0.109474
8.303005	0.108499
8.318088	0.107503
8.333170	0.106486
8.348253	0.105449
8.363336	0.104391
8.378418	0.103314
8.393501	0.102217
8.408584	0.101100
8.423666	0.099965
8.438749	0.098811
8.453832	0.097639
8.468914	0.096448
8.483997	0.095240
8.499080	0.094015
8.514162	0.092773
8.529245	0.091514
8.544328	0.090238
8.559410	0.088947
8.574493	0.087640
8.589576	0.086318
8.604658	0.084980
8.619741	0.083629
8.634824	0.082262
8.649906	0.080882
8.664989	0.079489
8.680072	0.078082
8.695154	0.076662
8.710237	0.075230
8.725320	0.073786
8.740402	0.072330
8.755485	0.070862
8.770568	0.069384
8.785650	0.067894
8.800733	0.066395
8.815816	0.064885
8.830898	0.063366
8.845981	0.061838
8.861063	0.060301
8.876146	0.058755
8.891229	0.057202
8.906311	0.055640
8.921394	0.054071
8.936477	0.052496
8.951559	0.050913
8.966642	0.049325
8.981725	0.047730
8.996807	0.046130
9.011890	0.044525
9.026973	0.042915
9.042055	0.041301
9.057138	0.039683
9.072221	0.038061
9.087303	0.036436
9.102386	0.034808
9.117469	0.033178
9.132551	0.031545
9.147634	0.029910
9.162717	0.028275
9.177799	0.026638
9.192882	0.025000
9.207965	0.023362
9.223047	0.021724
9.238130	0.020087
9.253213	0.018450
9.268295	0.016815
9.283378	0.015181
9.298461	0.013549
9.313543	0.011919
9.328626	0.010291
9.343709	0.008667
9.358791	0.007046
9.373874	0.005428
9.388957	0.003814
9.404039	0.002205
9.419122	0.000600
9.434205	-0.000999
9.449287	-0.002594
9.464370	-0.004182
9.479453	-0.005765
9.494535	-0.007341
9.509618	-0.008911
9.524701	-0.010473
9.539783	-0.012029
9.554866	-0.013576
9.569949	-0.015116
9.585031	-0.016648
9.600114	-0.018171
9.615197	-0.019684
9.630279	-0.021189
9.645362	-0.022684
9.660445	-0.024170
9.675527	-0.025645
9.690610	-0.027110
9.705693	-0.028564
9.720775	-0.030007
9.735858	-0.031439
9.750941	-0.032859
9.766023	-0.034268
9.781106	-0.035664
9.796188	-0.037048
9.811271	-0.038419
9.826354	-0.039778
9.841436	-0.041123
9.856519	-0.042454
9.871602	-0.043772
9.886684	-0.045076
9.901767	-0.046366
9.916850	-0.047641
9.931932	-0.048902
9.947015	-0.050148
9.962098	-0.051378
9.977180	-0.052593
9.992263	-0.053793
10.007346	-0.054977
10.022428	-0.056144
10.037511	-0.057296
10.052594	-0.058431
10.067676	-0.059549
10.082759	-0.060650
10.097842	-0.061734
10.112924	-0.062801
10.128007	-0.063851
10.143090	-0.064883
10.158172	-0.065897
10.173255	-0.066893
10.188338	-0.067871
10.203420	-0.068831
10.218503	-0.069772
10.233586	-0.070695
10.248668	-0.071599
10.263751	-0.072484
10.278834	-0.073350
10.293916	-0.074197
10.308999	-0.075024
10.324082	-0.075832
10.339164	-0.076620
10.354247	-0.077389
10.369330	-0.078138
10.384412	-0.078866
10.399495	-0.079575
10.414578	-0.080264
10.429660	-0.080933
10.444743	-0.081581
10.459826	-0.082209
10.474908	-0.082816
10.489991	-0.083403
10.505074	-0.083969
10.520156	-0.084514
10.535239	-0.085039
10.550322	-0.085543
10.565404	-0.086026
10.580487	-0.086488
10.595570	-0.086929
10.610652	-0.087349
10.625735	-0.087748
10.640818	-0.088126
10.655900	-0.088483
10.670983	-0.088819
10.686066	-0.089133
10.701148	-0.089427
10.716231	-0.089699
10.731313	-0.089950
10.746396	-0.090181
10.761479	-0.090389
10.776561	-0.090577
10.791644	-0.090744
10.806727	-0.090890
10.821809	-0.091014
10.836892	-0.091118
10.851975	-0.091201
10.867057	-0.091262
10.882140	-0.091303
10.897223	-0.091323
10.912305	-0.091322
10.927388	-0.091301
10.942471	-0.091258
10.957553	-0.091195
10.972636	-0.091112
10.987719	-0.091008
11.002801	-0.090884
11.017884	-0.090739
11.032967	-0.090574
11.048049	-0.090389
11.063132	-0.090184
11.078215	-0.089959
11.093297	-0.089714
11.108380	-0.089450
11.123463	-0.089166
11.138545	-0.088862
11.153628	-0.088539
11.168711	-0.088197
11.183793	-0.087836
11.198876	-0.087456
11.213959	-0.087057
11.229041	-0.086639
11.244124	-0.086202
11.259207	-0.085748
11.274289	-0.085275
11.289372	-0.084783
11.304455	-0.084274
11.319537	-0.083747
11.334620	-0.083203
11.349703	-0.082641
11.364785	-0.082062
11.379868	-0.081465
11.394951	-0.080852
11.410033	-0.080222
11.425116	-0.079575
11.440199	-0.078912
11.455281	-0.078233
11.470364	-0.077538
11.485447	-0.076827
11.500529	-0.076101
11.515612	-0.075359
11.530695	-0.074602
11.545777	-0.073829
11.560860	-0.073043
11.575943	-0.072241
11.591025	-0.071426
11.606108	-0.070596
11.621191	-0.069752
11.636273	-0.068895
11.651356	-0.068024
11.666438	-0.067140
11.681521	-0.066243
11.696604	-0.065333
11.711686	-0.064411
11.726769	-0.063477
11.741852	-0.062530
11.756934	-0.061572
11.772017	-0.060602
11.787100	-0.059621
11.802182	-0.058629
11.817265	-0.057626
11.832348	-0.056613
11.847430	-0.055589
11.862513	-0.054555
11.877596	-0.053512
11.892678	-0.052459
11.907761	-0.051397
11.922844	-0.050325
11.937926	-0.049245
11.953009	-0.048157
11.968092	-0.047060
11.983174	-0.045956
11.998257	-0.044843
12.013340	-0.043724
12.028422	-0.042597
12.043505	-0.041463
12.058588	-0.040323
12.073670	-0.039177
12.088753	-0.038024
12.103836	-0.036866
12.118918	-0.035702
12.134001	-0.034533
12.149084	-0.033359
12.164166	-0.032180
12.179249	-0.030997
12.194332	-0.029810
12.209414	-0.028619
12.224497	-0.027425
12.239580	-0.026227
12.254662	-0.025026
12.269745	-0.023822
12.284828	-0.022616
12.299910	-0.021408
12.314993	-0.020198
12.330076	-0.018986
12.345158	-0.017773
12.360241	-0.016559
12.375324	-0.015344
12.390406	-0.014128
12.405489	-0.012913
12.420572	-0.011697
12.435654	-0.010482
12.450737	-0.009267
12.465820	-0.008053
12.480902	-0.006840
12.495985	-0.005628
12.511068	-0.004418
12.526150	-0.003210
12.541233	-0.002004
12.556316	-0.000801
12.571398	0.000400
12.586481	0.001598
12.601563	0.002792
12.616646	0.003983
12.631729	0.005170
12.646811	0.006354
12.661894	0.007533
12.676977	0.008707
12.692059	0.009877
12.707142	0.011042
12.722225	0.012201
12.737307	0.013355
12.752390	0.014503
12.767473	0.015645
12.782555	0.016781
12.797638	0.017910
12.812721	0.019033
12.827803	0.020149
12.842886	0.021257
12.857969	0.022358
12.873051	0.023452
12.888134	0.024537
12.903217	0.025615
12.918299	0.026684
12.933382	0.027744
12.948465	0.028796
12.963547	0.029839
12.978630	0.030872
12.993713	0.031896
13.008795	0.032911
13.023878	0.033916
13.038961	0.034910
13.054043	0.035895
13.069126	0.036869
13.084209	0.037832
13.099291	0.038785
13.114374	0.039726
13.129457	0.040657
13.144539	0.041576
13.159622	0.042483
13.174705	0.043379
13.189787	0.044262
13.204870	0.045134
13.219953	0.045994
13.235035	0.046841
13.250118	0.047675
13.265201	0.048497
13.280283	0.049306
13.295366	0.050102
13.310449	0.050884
13.325531	0.051654
13.340614	0.052410
13.355697	0.053152
13.370779	0.053880
13.385862	0.054595
13.400945	0.055295
13.416027	0.055982
13.431110	0.056654
13.446193	0.057312
13.461275	0.057955
13.476358	0.058584
13.491441	0.059198
13.506523	0.059797
13.521606	0.060381
13.536688	0.060950
13.551771	0.061504
13.566854	0.062043
13.581936	0.062567
13.597019	0.063075
13.612102	0.063568
13.627184	0.064045
13.642267	0.064507
13.657350	0.064953
13.672432	0.065383
13.687515	0.065797
13.702598	0.066196
13.717680	0.066578
13.732763	0.066945
13.747846	0.067295
13.762928	0.067630
13.778011	0.067948
13.793094	0.068251
13.808176	0.068537
13.823259	0.068807
13.838342	0.069061
13.853424	0.069298
13.868507	0.069519
13.883590	0.069724
13.898672	0.069913
13.913755	0.070085
13.928838	0.070241
13.943920	0.070381
13.959003	0.070504
13.974086	0.070612
13.989168	0.070702
14.004251	0.070777
14.019334	0.070835
14.034416	0.070878
14.049499	0.070904
14.064582	0.070913
14.079664	0.070907
14.094747	0.070885
14.109830	0.070846
14.124912	0.070792
14.139995	0.070721
14.155078	0.070635
14.170160	0.070532
14.185243	0.070414
14.200326	0.070281
14.215408	0.070131
14.230491	0.069966
14.245574	0.069785
14.260656	0.069589
14.275739	0.069377
14.290822	0.069151
14.305904	0.068908
14.320987	0.068651
14.336070	0.068379
14.351152	0.068092
14.366235	0.067789
14.381318	0.067472
14.396400	0.067141
14.411483	0.066795
14.426566	0.066434
14.441648	0.066059
14.456731	0.065670
14.471813	0.065267
14.486896	0.064849
14.501979	0.064418
14.517061	0.063973
14.532144	0.063515
14.547227	0.063043
14.562309	0.062557
14.577392	0.062059
14.592475	0.061547
14.607557	0.061023
14.622640	0.060485
14.637723	0.059935
14.652805	0.059373
14.667888	0.058798
14.682971	0.058211
14.698053	0.057612
14.713136	0.057001
14.728219	0.056379
14.743301	0.055744
14.758384	0.055099
14.773467	0.054442
14.788549	0.053774
14.803632	0.053096
14.818715	0.052407
14.833797	0.051707
14.848880	0.050997
14.863963	0.050276
14.879045	0.049546
14.894128	0.048806
14.909211	0.048057
14.924293	0.047298
14.939376	0.046529
14.954459	0.045752
14.969541	0.044966
14.984624	0.044171
14.999707	0.043368
15.014789	0.042557
15.029872	0.041737
15.044955	0.040910
15.060037	0.040075
15.075120	0.039233
15.090203	0.038383
15.105285	0.037527
15.120368	0.036663
15.135451	0.035793
15.150533	0.034917
15.165616	0.034034
15.180699	0.033145
15.195781	0.032251
15.210864	0.031351
15.225947	0.030446
15.241029	0.029535
15.256112	0.028620
15.271195	0.027700
15.286277	0.026776
15.301360	0.025847
15.316443	0.024914
15.331525	0.023977
15.346608	0.023037
15.361691	0.022094
15.376773	0.021147
15.391856	0.020197
15.406938	0.019245
15.422021	0.018290
15.437104	0.017332
15.452186	0.016373
15.467269	0.015412
15.482352	0.014449
15.497434	0.013485
15.512517	0.012519
15.527600	0.011553
15.542682	0.010586
15.557765	0.009618
15.572848	0.008650
15.587930	0.007682
15.603013	0.006714
15.618096	0.005746
15.633178	0.004779
15.648261	0.003813
15.663344	0.002848
15.678426	0.001884
15.693509	0.000921
15.708592	-0.000040
15.723674	-0.000999
15.738757	-0.001956
15.753840	-0.002911
15.768922	-0.003863
15.784005	-0.004813
15.799088	-0.005760
15.814170	-0.006703
15.829253	-0.007644
15.844336	-0.008580
15.859418	-0.009513
15.874501	-0.010442
15.889584	-0.011367
15.904666	-0.012288
15.919749	-0.013204
15.934832	-0.014115
15.949914	-0.015022
15.964997	-0.015923
15.980080	-0.016819
15.995162	-0.017710
16.010245	-0.018594
16.025328	-0.019473
16.040410	-0.020346
16.055493	-0.021212
16.070576	-0.022073
16.085658	-0.022926
16.100741	-0.023773
16.115824	-0.024612
16.130906	-0.025445
16.145989	-0.026270
16.161072	-0.027087
16.176154	-0.027897
16.191237	-0.028699
16.206320	-0.029494
16.221402	-0.030279
16.236485	-0.031057
16.251568	-0.031826
16.266650	-0.032587
16.281733	-0.033338
16.296816	-0.034081
16.311898	-0.034814
16.326981	-0.035538
16.342063	-0.036253
16.357146	-0.036959
16.372229	-0.037654
16.387311	-0.038340
16.402394	-0.039016
16.417477	-0.039681
16.432559	-0.040337
16.447642	-0.040982
16.462725	-0.041616
16.477807	-0.042240
16.492890	-0.042853
16.507973	-0.043456
16.523055	-0.044047
16.538138	-0.044627
16.553221	-0.045196
16.568303	-0.045754
16.583386	-0.046300
16.598469	-0.046835
16.613551	-0.047358
16.628634	-0.047870
16.643717	-0.048369
16.658799	-0.048857
16.673882	-0.049333
16.688965	-0.049797
16.704047	-0.050248
16.719130	-0.050688
16.734213	-0.051115
16.749295	-0.051529
16.764378	-0.051931
16.779461	-0.052321
16.794543	-0.052698
16.809626	-0.053062
16.824709	-0.053414
16.839791	-0.053753
16.854874	-0.054079
16.869957	-0.054392
16.885039	-0.054693
16.900122	-0.054980
16.915205	-0.055254
16.930287	-0.055516
16.945370	-0.055764
16.960453	-0.055999
16.975535	-0.056221
16.990618	-0.056430
17.005701	-0.056625
17.020783	-0.056808
17.035866	-0.056977
17.050949	-0.057132
17.066031	-0.057275
17.081114	-0.057404
17.096197	-0.057520
17.111279	-0.057623
17.126362	-0.057713
17.141445	-0.057789
17.156527	-0.057852
17.171610	-0.057902
17.186693	-0.057938
17.201775	-0.057961
17.216858	-0.057971
17.231941	-0.057968
17.247023	-0.057952
17.262106	-0.057922
17.277188	-0.057880
17.292271	-0.057824
17.307354	-0.057755
17.322436	-0.057674
17.337519	-0.057579
17.352602	-0.057471
17.367684	-0.057351
17.382767	-0.057217
17.397850	-0.057071
17.412932	-0.056912
17.428015	-0.056741
17.443098	-0.056557
17.458180	-0.056360
17.473263	-0.056151
17.488346	-0.055930
17.503428	-0.055696
17.518511	-0.055450
17.533594	-0.055191
17.548676	-0.054921
17.563759	-0.054639
17.578842	-0.054344
17.593924	-0.054038
17.609007	-0.053720
17.624090	-0.053391
17.639172	-0.053050
17.654255	-0.052697
17.669338	-0.052333
17.684420	-0.051958
17.699503	-0.051571
17.714586	-0.051174
17.729668	-0.050765
17.744751	-0.050346
17.759834	-0.049916
17.774916	-0.049475
17.789999	-0.049024
17.805082	-0.048563
17.820164	-0.048091
17.835247	-0.047609
17.850330	-0.047117
17.865412	-0.046615
17.880495	-0.046104
17.895578	-0.045582
17.910660	-0.045052
17.925743	-0.044512
17.940826	-0.043963
17.955908	-0.043404
17.970991	-0.042837
17.986074	-0.042261
18.001156	-0.041676
18.016239	-0.041083
18.031322	-0.040482
18.046404	-0.039872
18.061487	-0.039254
18.076570	-0.038629
18.091652	-0.037995
18.106735	-0.037355
18.121818	-0.036706
18.136900	-0.036051
18.151983	-0.035388
18.167065	-0.034718
18.182148	-0.034042
18.197231	-0.033359
18.212313	-0.032669
18.227396	-0.031973
18.242479	-0.031271
18.257561	-0.030564
18.272644	-0.029850
18.287727	-0.029131
18.302809	-0.028406
18.317892	-0.027676
18.332975	-0.026941
18.348057	-0.026201
18.363140	-0.025456
18.378223	-0.024707
18.393305	-0.023954
18.408388	-0.023196
18.423471	-0.022434
18.438553	-0.021668
18.453636	-0.020899
18.468719	-0.020126
18.483801	-0.019350
18.498884	-0.018570
18.513967	-0.017788
18.529049	-0.017003
18.544132	-0.016215
18.559215	-0.015425
18.574297	-0.014633
18.589380	-0.013839
18.604463	-0.013042
18.619545	-0.012245
18.634628	-0.011445
18.649711	-0.010645
18.664793	-0.009843
18.679876	-0.009040
18.694959	-0.008237
18.710041	-0.007433
18.725124	-0.006628
18.740207	-0.005823
18.755289	-0.005019
18.770372	-0.004214
18.785455	-0.003410
18.800537	-0.002606
18.815620	-0.001803
18.830703	-0.001001
18.845785	-0.000200
18.860868	0.000600
18.875951	0.001398
18.891033	0.002195
18.906116	0.002990
18.921199	0.003783
18.936281	0.004574
18.951364	0.005363
18.966447	0.006149
18.981529	0.006933
18.996612	0.007713
19.011695	0.008491
19.026777	0.009266
19.041860	0.010037
19.056943	0.010805
19.072025	0.011569
19.087108	0.012329
19.102190	0.013085
19.117273	0.013837
19.132356	0.014585
19.147438	0.015328
19.162521	0.016067
19.177604	0.016801
19.192686	0.017529
19.207769	0.018253
19.222852	0.018971
19.237934	0.019684
19.253017	0.020392
19.268100	0.021093
19.283182	0.021789
19.298265	0.022479
19.313348	0.023162
19.328430	0.023840
19.343513	0.024510
19.358596	0.025174
19.373678	0.025832
19.388761	0.026482
19.403844	0.027125
19.418926	0.027762
19.434009	0.028391
19.449092	0.029012
19.464174	0.029626
19.479257	0.030232
19.494340	0.030831
19.509422	0.031421
19.524505	0.032004
19.539588	0.032578
19.554670	0.033144
19.569753	0.033702
19.584836	0.034251
19.599918	0.034791
19.615001	0.035323
19.630084	0.035846
19.645166	0.036360
19.660249	0.036864
19.675332	0.037360
19.690414	0.037847
19.705497	0.038324
19.720580	0.038791
19.735662	0.039250
19.750745	0.039698
19.765828	0.040137
19.780910	0.040566
19.795993	0.040985
19.811076	0.041394
19.826158	0.041793
19.841241	0.042182
19.856324	0.042561
19.871406	0.042930
19.886489	0.043288
19.901572	0.043636
19.916654	0.043973
19.931737	0.044300
19.946820	0.044617
19.961902	0.044923
19.976985	0.045218
19.992068	0.045502
20.007150	0.045776
20.022233	0.046038
20.037315	0.046290
20.052398	0.046531
20.067481	0.046761
20.082563	0.046981
20.097646	0.047189
20.112729	0.047386
20.127811	0.047572
20.142894	0.047747
20.157977	0.047910
20.173059	0.048063
20.188142	0.048205
20.203225	0.048335
20.218307	0.048454
20.233390	0.048562
20.248473	0.048659
20.263555	0.048744
20.278638	0.048819
20.293721	0.048882
20.308803	0.048934
20.323886	0.048974
20.338969	0.049004
20.354051	0.049022
20.369134	0.049030
20.384217	0.049026
20.399299	0.049010
20.414382	0.048984
20.429465	0.048947
20.444547	0.048898
20.459630	0.048839
20.474713	0.048769
20.489795	0.048687
20.504878	0.048595
20.519961	0.048491
20.535043	0.048377
20.550126	0.048252
20.565209	0.048117
20.580291	0.047970
20.595374	0.047813
20.610457	0.047645
20.625539	0.047467
20.640622	0.047278
20.655705	0.047078
20.670787	0.046868
20.685870	0.046648
20.700953	0.046418
20.716035	0.046177
20.731118	0.045926
20.746201	0.045665
20.761283	0.045394
20.776366	0.045113
20.791449	0.044823
20.806531	0.044522
20.821614	0.044212
20.836697	0.043892
20.851779	0.043563
20.866862	0.043225
20.881945	0.042876
20.897027	0.042519
20.912110	0.042153
20.927193	0.041777
20.942275	0.041393
20.957358	0.041000
20.972440	0.040598
20.987523	0.040187
21.002606	0.039768
21.017688	0.039340
21.032771	0.038904
21.047854	0.038460
21.062936	0.038008
21.078019	0.037547
21.093102	0.037079
21.108184	0.036603
21.123267	0.036119
21.138350	0.035628
21.153432	0.035130
21.168515	0.034624
21.183598	0.034111
21.198680	0.033591
21.213763	0.033064
21.228846	0.032531
21.243928	0.031990
21.259011	0.031444
21.274094	0.030891
21.289176	0.030331
21.304259	0.029766
21.319342	0.029194
21.334424	0.028617
21.349507	0.028034
21.364590	0.027445
21.379672	0.026852
21.394755	0.026252
21.409838	0.025648
21.424920	0.025039
21.440003	0.024425
21.455086	0.023806
21.470168	0.023182
21.485251	0.022555
21.500334	0.021923
21.515416	0.021287
21.530499	0.020647
21.545582	0.020003
21.560664	0.019355
21.575747	0.018704
21.590830	0.018050
21.605912	0.017392
21.620995	0.016732
21.636078	0.016068
21.651160	0.015402
21.666243	0.014733
21.681326	0.014062
21.696408	0.013389
21.711491	0.012713
21.726574	0.012036
21.741656	0.011357
21.756739	0.010676
21.771822	0.009993
21.786904	0.009310
21.801987	0.008625
21.817070	0.007939
21.832152	0.007252
21.847235	0.006565
21.862318	0.005877
21.877400	0.005188
21.892483	0.004500
21.907565	0.003811
21.922648	0.003122
21.937731	0.002434
21.952813	0.001746
21.967896	0.001058
21.982979	0.000372
21.998061	-0.000314
22.013144	-0.000999
22.028227	-0.001683
22.043309	-0.002365
22.058392	-0.003046
22.073475	-0.003725
22.088557	-0.004403
22.103640	-0.005079
22.118723	-0.005752
22.133805	-0.006423
22.148888	-0.007092
22.163971	-0.007759
22.179053	-0.008422
22.194136	-0.009083
22.209219	-0.009741
22.224301	-0.010396
22.239384	-0.011048
22.254467	-0.011696
22.269549	-0.012341
22.284632	-0.012982
22.299715	-0.013619
22.314797	-0.014252
22.329880	-0.014881
22.344963	-0.015506
22.360045	-0.016126
22.375128	-0.016742
22.390211	-0.017354
22.405293	-0.017960
22.420376	-0.018562
22.435459	-0.019159
22.450541	-0.019750
22.465624	-0.020336
22.480707	-0.020917
22.495789	-0.021493
22.510872	-0.022062
22.525955	-0.022626
22.541037	-0.023184
22.556120	-0.023736
22.571203	-0.024282
22.586285	-0.024821
22.601368	-0.025355
22.616451	-0.025881
22.631533	-0.026401
22.646616	-0.026915
22.661699	-0.027421
22.676781	-0.027921
22.691864	-0.028414
22.706947	-0.028900
22.722029	-0.029378
22.737112	-0.029849
22.752195	-0.030313
22.767277	-0.030769
22.782360	-0.031217
22.797443	-0.031658
22.812525	-0.032091
22.827608	-0.032517
22.842690	-0.032934
22.857773	-0.033343
22.872856	-0.033744
22.887938	-0.034137
22.903021	-0.034522
22.918104	-0.034898
22.933186	-0.035266
22.948269	-0.035625
22.963352	-0.035976
22.978434	-0.036318
22.993517	-0.036652
23.008600	-0.036976
23.023682	-0.037292
23.038765	-0.037599
23.053848	-0.037897
23.068930	-0.038186
23.084013	-0.038466
23.099096	-0.038737
23.114178	-0.038998
23.129261	-0.039251
23.144344	-0.039494
23.159426	-0.039728
23.174509	-0.039953
23.189592	-0.040168
23.204674	-0.040374
23.219757	-0.040570
23.234840	-0.040757
23.249922	-0.040934
23.265005	-0.041102
23.280088	-0.041260
23.295170	-0.041409
23.310253	-0.041548
23.325336	-0.041677
23.340418	-0.041797
23.355501	-0.041907
23.370584	-0.042008
23.385666	-0.042099
23.400749	-0.042180
23.415832	-0.042251
23.430914	-0.042313
23.445997	-0.042365
23.461080	-0.042407
23.476162	-0.042440
23.491245	-0.042463
23.506328	-0.042476
23.521410	-0.042480
23.536493	-0.042473
23.551576	-0.042458
23.566658	-0.042432
23.581741	-0.042397
23.596824	-0.042353
23.611906	-0.042299
23.626989	-0.042235
23.642072	-0.042162
23.657154	-0.042079
23.672237	-0.041987
23.687320	-0.041885
23.702402	-0.041774
23.717485	-0.041654
23.732568	-0.041524
23.747650	-0.041385
23.762733	-0.041237
23.777815	-0.041080
23.792898	-0.040913
23.807981	-0.040738
23.823063	-0.040553
23.838146	-0.040360
23.853229	-0.040157
23.868311	-0.039946
23.883394	-0.039725
23.898477	-0.039496
23.913559	-0.039259
23.928642	-0.039013
23.943725	-0.038758
23.958807	-0.038494
23.973890	-0.038223
23.988973	-0.037942
24.004055	-0.037654
24.019138	-0.037358
24.034221	-0.037053
24.049303	-0.036740
24.064386	-0.036419
24.079469	-0.036091
24.094551	-0.035754
24.109634	-0.035410
24.124717	-0.035059
24.139799	-0.034699
24.154882	-0.034333
24.169965	-0.033959
24.185047	-0.033577
24.200130	-0.033189
24.215213	-0.032794
24.230295	-0.032391
24.245378	-0.031982
24.260461	-0.031566
24.275543	-0.031143
24.290626	-0.030714
24.305709	-0.030278
24.320791	-0.029836
24.335874	-0.029387
24.350957	-0.028933
24.366039	-0.028473
24.381122	-0.028006
24.396205	-0.027534
24.411287	-0.027056
24.426370	-0.026573
24.441453	-0.026084
24.456535	-0.025590
24.471618	-0.025090
24.486701	-0.024586
24.501783	-0.024077
24.516866	-0.023562
24.531949	-0.023043
24.547031	-0.022520
24.562114	-0.021992
24.577197	-0.021459
24.592279	-0.020923
24.607362	-0.020382
24.622445	-0.019837
24.637527	-0.019288
24.652610	-0.018736
24.667693	-0.018180
24.682775	-0.017621
24.697858	-0.017058
24.712940	-0.016493
24.728023	-0.015924
24.743106	-0.015352
24.758188	-0.014777
24.773271	-0.014200
24.788354	-0.013620
24.803436	-0.013038
24.818519	-0.012453
24.833602	-0.011867
24.848684	-0.011278
24.863767	-0.010688
24.878850	-0.010096
24.893932	-0.009502
24.909015	-0.008907
24.924098	-0.008311
24.939180	-0.007713
24.954263	-0.007114
24.969346	-0.006515
24.984428	-0.005914
24.999511	-0.005314
25.014594	-0.004712
25.029676	-0.004110
25.044759	-0.003508
25.059842	-0.002906
25.074924	-0.002304
25.090007	-0.001703
25.105090	-0.001101
25.120172	-0.000500
25.135255	0.000100
25.150338	0.000700
25.165420	0.001298
25.180503	0.001896
25.195586	0.002493
25.210668	0.003088
25.225751	0.003682
25.240834	0.004274
25.255916	0.004865
25.270999	0.005454
25.286082	0.006040
25.301164	0.006625
25.316247	0.007208
25.331330	0.007788
25.346412	0.008366
25.361495	0.008941
25.376578	0.009514
25.391660	0.010083
25.406743	0.010650
25.421826	0.011214
25.436908	0.011774
25.451991	0.012331
25.467074	0.012885
25.482156	0.013435
25.497239	0.013981
25.512322	0.014524
25.527404	0.015062
25.542487	0.015597
25.557570	0.016127
25.572652	0.016653
25.587735	0.017175
25.602818	0.017692
25.617900	0.018204
25.632983	0.018712
25.648065	0.019215
25.663148	0.019712
25.678231	0.020205
25.693313	0.020693
25.708396	0.021175
25.723479	0.021652
25.738561	0.022124
25.753644	0.022590
25.768727	0.023050
25.783809	0.023505
25.798892	0.023953
25.813975	0.024396
25.829057	0.024832
25.844140	0.025263
25.859223	0.025687
25.874305	0.026105
25.889388	0.026516
25.904471	0.026921
25.919553	0.027319
25.934636	0.027711
25.949719	0.028096
25.964801	0.028474
25.979884	0.028845
25.994967	0.029209
26.010049	0.029566
26.025132	0.029916
26.040215	0.030259
26.055297	0.030594
26.070380	0.030923
26.085463	0.031243
26.100545	0.031557
26.115628	0.031862
26.130711	0.032160
26.145793	0.032451
26.160876	0.032734
26.175959	0.033008
26.191041	0.033276
26.206124	0.033535
26.221207	0.033786
26.236289	0.034030
26.251372	0.034265
26.266455	0.034492
26.281537	0.034711
26.296620	0.034923
26.311703	0.035125
26.326785	0.035320
26.341868	0.035506
26.356951	0.035685
26.372033	0.035854
26.387116	0.036016
26.402199	0.036169
26.417281	0.036314
26.432364	0.036450
26.447447	0.036578
26.462529	0.036697
26.477612	0.036808
26.492695	0.036910
26.507777	0.037004
26.522860	0.037090
26.537943	0.037166
26.553025	0.037235
26.568108	0.037294
26.583190	0.037346
26.598273	0.037388
26.613356	0.037422
26.628438	0.037448
26.643521	0.037465
26.658604	0.037473
26.673686	0.037473
26.688769	0.037465
26.703852	0.037448
26.718934	0.037422
26.734017	0.037388
26.749100	0.037346
26.764182	0.037295
26.779265	0.037235
26.794348	0.037168
26.809430	0.037091
26.824513	0.037007
26.839596	0.036914
26.854678	0.036813
26.869761	0.036704
26.884844	0.036586
26.899926	0.036460
26.915009	0.036326
26.930092	0.036184
26.945174	0.036034
26.960257	0.035876
26.975340	0.035710
26.990422	0.035536
27.005505	0.035354
27.020588	0.035164
27.035670	0.034967
27.050753	0.034761
27.065836	0.034549
27.080918	0.034328
27.096001	0.034100
27.111084	0.033864
27.126166	0.033621
27.141249	0.033371
27.156332	0.033113
27.171414	0.032848
27.186497	0.032576
27.201580	0.032297
27.216662	0.032010
27.231745	0.031717
27.246828	0.031417
27.261910	0.031110
27.276993	0.030796
27.292076	0.030476
27.307158	0.030149
27.322241	0.029816
27.337324	0.029476
27.352406	0.029130
27.367489	0.028777
27.382572	0.028419
27.397654	0.028054
27.412737	0.027684
27.427820	0.027307
27.442902	0.026925
27.457985	0.026537
27.473068	0.026143
27.488150	0.025744
27.503233	0.025340
27.518315	0.024930
27.533398	0.024515
27.548481	0.024095
27.563563	0.023670
27.578646	0.023239
27.593729	0.022805
27.608811	0.022365
27.623894	0.021921
27.638977	0.021472
27.654059	0.021019
27.669142	0.020562
27.684225	0.020100
27.699307	0.019634
27.714390	0.019165
27.729473	0.018691
27.744555	0.018214
27.759638	0.017733
27.774721	0.017249
27.789803	0.016761
27.804886	0.016270
27.819969	0.015776
27.835051	0.015279
27.850134	0.014779
27.865217	0.014276
27.880299	0.013770
27.895382	0.013262
27.910465	0.012751
27.925547	0.012238
27.940630	0.011723
27.955713	0.011205
27.970795	0.010686
27.985878	0.010165
28.000961	0.009642
28.016043	0.009117
28.031126	0.008591
28.046209	0.008064
28.061291	0.007535
28.076374	0.007005
28.091457	0.006474
28.106539	0.005942
28.121622	0.005409
28.136705	0.004876
28.151787	0.004342
28.166870	0.003808
28.181953	0.003273
28.197035	0.002739
28.212118	0.002204
28.227201	0.001669
28.242283	0.001135
28.257366	0.000600
28.272449	0.000067
28.287531	-0.000467
28.302614	-0.000999
28.317697	-0.001531
28.332779	-0.002062
28.347862	-0.002591
28.362945	-0.003120
28.378027	-0.003647
28.393110	-0.004173
28.408193	-0.004698
28.423275	-0.005221
28.438358	-0.005742
28.453440	-0.006261
28.468523	-0.006778
28.483606	-0.007294
28.498688	-0.007807
28.513771	-0.008317
28.528854	-0.008825
28.543936	-0.009331
28.559019	-0.009834
28.574102	-0.010334
28.589184	-0.010832
28.604267	-0.011326
28.619350	-0.011818
28.634432	-0.012306
28.649515	-0.012790
28.664598	-0.013272
28.679680	-0.013750
28.694763	-0.014224
28.709846	-0.014694
28.724928	-0.015161
28.740011	-0.015624
28.755094	-0.016082
28.770176	-0.016537
28.785259	-0.016987
28.800342	-0.017433
28.815424	-0.017875
28.830507	-0.018312
28.845590	-0.018744
28.860672	-0.019172
28.875755	-0.019595
28.890838	-0.020013
28.905920	-0.020426
28.921003	-0.020834
28.936086	-0.021236
28.951168	-0.021634
28.966251	-0.022026
28.981334	-0.022413
28.996416	-0.022794
29.011499	-0.023170
29.026582	-0.023540
29.041664	-0.023904
29.056747	-0.024263
29.071830	-0.024615
29.086912	-0.024962
29.101995	-0.025302
29.117078	-0.025637
29.132160	-0.025965
29.147243	-0.026287
29.162326	-0.026603
29.177408	-0.026912
29.192491	-0.027215
29.207574	-0.027512
29.222656	-0.027802
29.237739	-0.028085
29.252822	-0.028362
29.267904	-0.028631
29.282987	-0.028894
29.298070	-0.029151
29.313152	-0.029400
29.328235	-0.029642
29.343317	-0.029878
29.358400	-0.030106
29.373483	-0.030327
29.388565	-0.030542
29.403648	-0.030749
29.418731	-0.030948
29.433813	-0.031141
29.448896	-0.031326
29.463979	-0.031504
29.479061	-0.031675
29.494144	-0.031838
29.509227	-0.031994
29.524309	-0.032142
29.539392	-0.032283
29.554475	-0.032417
29.569557	-0.032543
29.584640	-0.032661
29.599723	-0.032772
29.614805	-0.032875
29.629888	-0.032971
29.644971	-0.033059
29.660053	-0.033140
29.675136	-0.033213
29.690219	-0.033278
29.705301	-0.033335
29.720384	-0.033385
29.735467	-0.033428
29.750549	-0.033463
29.765632	-0.033490
29.780715	-0.033509
29.795797	-0.033521
29.810880	-0.033525
29.825963	-0.033522
29.841045	-0.033511
29.856128	-0.033492
29.871211	-0.033466
29.886293	-0.033432
29.901376	-0.033390
29.916459	-0.033341
29.931541	-0.033285
29.946624	-0.033221
29.961707	-0.033149
29.976789	-0.033070
29.991872	-0.032984
30.006955	-0.032890
30.022037	-0.032789
30.037120	-0.032680
30.052203	-0.032565
30.067285	-0.032441
30.082368	-0.032311
30.097451	-0.032173
30.112533	-0.032029
30.127616	-0.031877
30.142699	-0.031718
30.157781	-0.031551
30.172864	-0.031378
30.187947	-0.031198
30.203029	-0.031011
30.218112	-0.030817
30.233195	-0.030617
30.248277	-0.030409
30.263360	-0.030195
30.278442	-0.029974
30.293525	-0.029747
30.308608	-0.029513
30.323690	-0.029273
30.338773	-0.029026
30.353856	-0.028773
30.368938	-0.028513
30.384021	-0.028248
30.399104	-0.027976
30.414186	-0.027698
30.429269	-0.027414
30.444352	-0.027124
30.459434	-0.026828
30.474517	-0.026527
30.489600	-0.026219
30.504682	-0.025906
30.519765	-0.025588
30.534848	-0.025264
30.549930	-0.024934
30.565013	-0.024599
30.580096	-0.024259
30.595178	-0.023914
30.610261	-0.023564
30.625344	-0.023208
30.640426	-0.022848
30.655509	-0.022483
30.670592	-0.022113
30.685674	-0.021738
30.700757	-0.021359
30.715840	-0.020976
30.730922	-0.020588
30.746005	-0.020195
30.761088	-0.019799
30.776170	-0.019398
30.791253	-0.018993
30.806336	-0.018585
30.821418	-0.018172
30.836501	-0.017756
30.851584	-0.017337
30.866666	-0.016913
30.881749	-0.016487
30.896832	-0.016056
30.911914	-0.015623
30.926997	-0.015187
30.942080	-0.014747
30.957162	-0.014305
30.972245	-0.013860
30.987328	-0.013412
31.002410	-0.012961
31.017493	-0.012508
31.032576	-0.012053
31.047658	-0.011595
31.062741	-0.011135
31.077824	-0.010673
31.092906	-0.010209
31.107989	-0.009743
31.123072	-0.009276
31.138154	-0.008806
31.153237	-0.008336
31.168320	-0.007863
31.183402	-0.007390
31.198485	-0.006915
31.213567	-0.006439
31.228650	-0.005962
31.243733	-0.005484
31.258815	-0.005005
31.273898	-0.004526
31.288981	-0.004046
31.304063	-0.003566
31.319146	-0.003085
31.334229	-0.002604
31.349311	-0.002123
31.364394	-0.001642
31.379477	-0.001161
31.394559	-0.000681
31.409642	-0.000200
31.424725	0.000280
31.439807	0.000760
31.454890	0.001238
31.469973	0.001717
31.485055	0.002194
31.500138	0.002670
31.515221	0.003145
31.530303	0.003620
31.545386	0.004092
31.560469	0.004564
31.575551	0.005034
31.590634	0.005502
31.605717	0.005969
31.620799	0.006434
31.635882	0.006897
31.650965	0.007358
31.666047	0.007817
31.681130	0.008273
31.696213	0.008728
31.711295	0.009179
31.726378	0.009629
31.741461	0.010076
31.756543	0.010520
31.771626	0.010961
31.786709	0.011399
31.801791	0.011835
31.816874	0.012267
31.831957	0.012696
31.847039	0.013122
31.862122	0.013544
31.877205	0.013963
31.892287	0.014378
31.907370	0.014790
31.922453	0.015198
31.937535	0.015602
31.952618	0.016002
31.967701	0.016398
31.982783	0.016790
31.997866	0.017178
32.012949	0.017561
32.028031	0.017940
32.043114	0.018315
32.058197	0.018685
32.073279	0.019051
32.088362	0.019412
32.103445	0.019768
32.118527	0.020119
32.133610	0.020466
32.148692	0.020807
32.163775	0.021144
32.178858	0.021475
32.193940	0.021801
32.209023	0.022122
32.224106	0.022438
32.239188	0.022748
32.254271	0.023052
32.269354	0.023352
32.284436	0.023645
32.299519	0.023933
32.314602	0.024215
32.329684	0.024492
32.344767	0.024762
32.359850	0.025027
32.374932	0.025286
32.390015	0.025538
32.405098	0.025785
32.420180	0.026026
32.435263	0.026260
32.450346	0.026489
32.465428	0.026711
32.480511	0.026927
32.495594	0.027136
32.510676	0.027339
32.525759	0.027536
32.540842	0.027726
32.555924	0.027910
32.571007	0.028087
32.586090	0.028258
32.601172	0.028422
32.616255	0.028580
32.631338	0.028730
32.646420	0.028875
32.661503	0.029012
32.676586	0.029143
32.691668	0.029267
32.706751	0.029384
32.721834	0.029495
32.736916	0.029598
32.751999	0.029695
32.767082	0.029785
32.782164	0.029868
32.797247	0.029945
32.812330	0.030014
32.827412	0.030077
32.842495	0.030132
32.857578	0.030181
32.872660	0.030223
32.887743	0.030258
32.902826	0.030286
32.917908	0.030307
32.932991	0.030321
32.948074	0.030328
32.963156	0.030328
32.978239	0.030322
32.993322	0.030309
33.008404	0.030288
33.023487	0.030261
33.038570	0.030227
33.053652	0.030186
33.068735	0.030138
33.083817	0.030084
33.098900	0.030023
33.113983	0.029955
33.129065	0.029880
33.144148	0.029798
33.159231	0.029710
33.174313	0.029615
33.189396	0.029513
33.204479	0.029405
33.219561	0.029290
33.234644	0.029169
33.249727	0.029041
33.264809	0.028907
33.279892	0.028766
33.294975	0.028619
33.310057	0.028465
33.325140	0.028305
33.340223	0.028139
33.355305	0.027967
33.370388	0.027788
33.385471	0.027603
33.400553	0.027412
33.415636	0.027215
33.430719	0.027012
33.445801	0.026803
33.460884	0.026589
33.475967	0.026368
33.491049	0.026141
33.506132	0.025909
33.521215	0.025671
33.536297	0.025428
33.551380	0.025178
33.566463	0.024924
33.581545	0.024664
33.596628	0.024398
33.611711	0.024128
33.626793	0.023852
33.641876	0.023570
33.656959	0.023284
33.672041	0.022993
33.687124	0.022697
33.702207	0.022395
33.717289	0.022089
33.732372	0.021779
33.747455	0.021463
33.762537	0.021143
33.777620	0.020819
33.792703	0.020490
33.807785	0.020156
33.822868	0.019819
33.837951	0.019477
33.853033	0.019131
33.868116	0.018781
33.883199	0.018427
33.898281	0.018069
33.913364	0.017708
33.928447	0.017342
33.943529	0.016973
33.958612	0.016601
33.973695	0.016225
33.988777	0.015846
34.003860	0.015463
34.018942	0.015077
34.034025	0.014689
34.049108	0.014297
34.064190	0.013902
34.079273	0.013504
34.094356	0.013104
34.109438	0.012701
34.124521	0.012296
34.139604	0.011888
34.154686	0.011478
34.169769	0.011066
34.184852	0.010651
34.199934	0.010234
34.215017	0.009816
34.230100	0.009395
34.245182	0.008973
34.260265	0.008549
34.275348	0.008124
34.290430	0.007697
34.305513	0.007268
34.320596	0.006839
34.335678	0.006408
34.350761	0.005976
34.365844	0.005543
34.380926	0.005110
34.396009	0.004675
34.411092	0.004240
34.426174	0.003804
34.441257	0.003368
34.456340	0.002931
34.471422	0.002495
34.486505	0.002057
34.501588	0.001620
34.516670	0.001183
34.531753	0.000746
34.546836	0.000309
34.561918	-0.000127
34.577001	-0.000563
34.592084	-0.000999
34.607166	-0.001434
34.622249	-0.001868
34.637332	-0.002302
34.652414	-0.002734
34.667497	-0.003166
34.682580	-0.003596
34.697662	-0.004026
34.712745	-0.004454
34.727828	-0.004880
34.742910	-0.005306
34.757993	-0.005729
34.773076	-0.006151
34.788158	-0.006571
34.803241	-0.006989
34.818324	-0.007406
34.833406	-0.007820
34.848489	-0.008232
34.863572	-0.008642
34.878654	-0.009050
34.893737	-0.009455
34.908820	-0.009858
34.923902	-0.010258
34.938985	-0.010655
34.954067	-0.011050
34.969150	-0.011442
34.984233	-0.011831
34.999315	-0.012216
35.014398	-0.012599
35.029481	-0.012979
35.044563	-0.013355
35.059646	-0.013728
35.074729	-0.014097
35.089811	-0.014463
35.104894	-0.014825
35.119977	-0.015184
35.135059	-0.015539
35.150142	-0.015890
35.165225	-0.016237
35.180307	-0.016580
35.195390	-0.016919
35.210473	-0.017254
35.225555	-0.017585
35.240638	-0.017912
35.255721	-0.018234
35.270803	-0.018551
35.285886	-0.018865
35.300969	-0.019173
35.316051	-0.019477
35.331134	-0.019776
35.346217	-0.020071
35.361299	-0.020361
35.376382	-0.020646
35.391465	-0.020926
35.406547	-0.021201
35.421630	-0.021470
35.436713	-0.021735
35.451795	-0.021995
35.466878	-0.022249
35.481961	-0.022498
35.497043	-0.022742
35.512126	-0.022981
35.527209	-0.023213
35.542291	-0.023441
35.557374	-0.023663
35.572457	-0.023879
35.587539	-0.024090
35.602622	-0.024295
35.617705	-0.024495
35.632787	-0.024688
35.647870	-0.024876
35.662953	-0.025058
35.678035	-0.025235
35.693118	-0.025405
35.708201	-0.025570
35.723283	-0.025728
35.738366	-0.025881
35.753449	-0.026027
35.768531	-0.026167
35.783614	-0.026302
35.798697	-0.026430
35.813779	-0.026552
35.828862	-0.026668
35.843945	-0.026778
35.859027	-0.026882
35.874110	-0.026979
35.889192	-0.027071
35.904275	-0.027156
35.919358	-0.027235
35.934440	-0.027307
35.949523	-0.027373
35.964606	-0.027433
35.979688	-0.027487
35.994771	-0.027534
36.009854	-0.027576
36.024936	-0.027610
36.040019	-0.027639
36.055102	-0.027661
36.070184	-0.027677
36.085267	-0.027686
36.100350	-0.027690
36.115432	-0.027687
36.130515	-0.027677
36.145598	-0.027662
36.160680	-0.027640
36.175763	-0.027612
36.190846	-0.027577
36.205928	-0.027537
36.221011	-0.027490
36.236094	-0.027437
36.251176	-0.027377
36.266259	-0.027312
36.281342	-0.027240
36.296424	-0.027163
36.311507	-0.027079
36.326590	-0.026989
36.341672	-0.026893
36.356755	-0.026791
36.371838	-0.026683
36.386920	-0.026569
36.402003	-0.026449
36.417086	-0.026323
36.432168	-0.026191
36.447251	-0.026053
36.462334	-0.025910
36.477416	-0.025761
36.492499	-0.025606
36.507582	-0.025445
36.522664	-0.025279
36.537747	-0.025107
36.552830	-0.024929
36.567912	-0.024746
36.582995	-0.024558
36.598078	-0.024364
36.613160	-0.024165
36.628243	-0.023960
36.643326	-0.023750
36.658408	-0.023535
36.673491	-0.023315
36.688574	-0.023089
36.703656	-0.022859
36.718739	-0.022623
36.733822	-0.022383
36.748904	-0.022138
36.763987	-0.021888
36.779070	-0.021633
36.794152	-0.021373
36.809235	-0.021109
36.824317	-0.020840
36.839400	-0.020566
36.854483	-0.020289
36.869565	-0.020006
36.884648	-0.019720
36.899731	-0.019429
36.914813	-0.019134
36.929896	-0.018835
36.944979	-0.018532
36.960061	-0.018225
36.975144	-0.017914
36.990227	-0.017599
37.005309	-0.017280
37.020392	-0.016958
37.035475	-0.016632
37.050557	-0.016303
37.065640	-0.015970
37.080723	-0.015634
37.095805	-0.015295
37.110888	-0.014952
37.125971	-0.014606
37.141053	-0.014258
37.156136	-0.013906
37.171219	-0.013551
37.186301	-0.013194
37.201384	-0.012834
37.216467	-0.012471
37.231549	-0.012106
37.246632	-0.011738
37.261715	-0.011368
37.276797	-0.010995
37.291880	-0.010621
37.306963	-0.010244
37.322045	-0.009865
37.337128	-0.009485
37.352211	-0.009102
37.367293	-0.008718
37.382376	-0.008332
37.397459	-0.007944
37.412541	-0.007555
37.427624	-0.007165
37.442707	-0.006773
37.457789	-0.006380
37.472872	-0.005986
37.487955	-0.005591
37.503037	-0.005195
37.518120	-0.004798
37.533203	-0.004400
37.548285	-0.004002
37.563368	-0.003603
37.578451	-0.003203
37.593533	-0.002803
37.608616	-0.002403
37.623699	-0.002003
37.638781	-0.001602
37.653864	-0.001201
37.668947	-0.000801
37.684029	-0.000400
37.699112	-0.000000
