100 0.000023
200 0.000041
300 0.000063
400 0.000077
500 0.000095
600 0.000122
700 0.000143
800 0.000169
900 0.000218
1000 0.000194
1100 0.000223
1200 0.000255
1300 0.000277
1400 0.000297
1500 0.000319
1600 0.000335
1700 0.000347
1800 0.000366
1900 0.000384
2000 0.000464
2100 0.000478
2200 0.000471
2300 0.000492
2400 0.000526
2500 0.000555
2600 0.000568
2700 0.000600
2800 0.000610
2900 0.000660
3000 0.000664
3100 0.000680
3200 0.000695
3300 0.001019
3400 0.000999
3500 0.001024
3600 0.001134
3700 0.001120
3800 0.001205
3900 0.001086
4000 0.000948
4100 0.000971
4200 0.001056
4300 0.001044
4400 0.001084
4500 0.000560
4600 0.000479
4700 0.000494
4800 0.000505
4900 0.000566
5000 0.000562
5100 0.000547
5200 0.000560
5300 0.000564
5400 0.000575
5500 0.000586
5600 0.000593
5700 0.000601
5800 0.000795
5900 0.000683
6000 0.000628
6100 0.000641
6200 0.000650
6300 0.000664
6400 0.000670
6500 0.000684
6600 0.000729
6700 0.000714
6800 0.000726
6900 0.000718
7000 0.000745
7100 0.000769
7200 0.000765
7300 0.000803
7400 0.000939
7500 0.000954
7600 0.000966
7700 0.000980
7800 0.001241
7900 0.001202
8000 0.001214
8100 0.001220
8200 0.001153
8300 0.001213
8400 0.001200
8500 0.001221
8600 0.001221
8700 0.001192
8800 0.001231
8900 0.001235
9000 0.001250
9100 0.001308
9200 0.001244
9300 0.001233
9400 0.001249
9500 0.001271
9600 0.001314
9700 0.001255
9800 0.001269
9900 0.001284
10000 0.001313
