MeshVersionFormatted 2 
Dimension 2 
Vertices 423 
1.000000 0.000000 
-1.000000 0.000000 
0.000000 1.000000 
0.000000 -1.000000 
0.995185 0.098017 
0.980785 0.195090 
0.956940 0.290285 
0.923880 0.382683 
0.881921 0.471397 
0.831470 0.555570 
0.773010 0.634393 
0.707107 0.707107 
0.634393 0.773010 
0.555570 0.831470 
0.471397 0.881921 
0.382683 0.923880 
0.290285 0.956940 
0.195090 0.980785 
0.098017 0.995185 
-0.098017 0.995185 
-0.195090 0.980785 
-0.290285 0.956940 
-0.382683 0.923880 
-0.471397 0.881921 
-0.555570 0.831470 
-0.634393 0.773010 
-0.707107 0.707107 
-0.773010 0.634393 
-0.831470 0.555570 
-0.881921 0.471397 
-0.923880 0.382683 
-0.956940 0.290285 
-0.980785 0.195090 
-0.995185 0.098017 
-0.995185 -0.098017 
-0.980785 -0.195090 
-0.956940 -0.290285 
-0.923880 -0.382683 
-0.881921 -0.471397 
-0.831470 -0.555570 
-0.773010 -0.634393 
-0.707107 -0.707107 
-0.634393 -0.773010 
-0.555570 -0.831470 
-0.471397 -0.881921 
-0.382683 -0.923880 
-0.290285 -0.956940 
-0.195090 -0.980785 
-0.098017 -0.995185 
0.098017 -0.995185 
0.195090 -0.980785 
0.290285 -0.956940 
0.382683 -0.923880 
0.471397 -0.881921 
0.555570 -0.831470 
0.634393 -0.773010 
0.707107 -0.707107 
0.773010 -0.634393 
0.831470 -0.555570 
0.881921 -0.471397 
0.923880 -0.382683 
0.956940 -0.290285 
0.980785 -0.195090 
0.995185 -0.098017 
-0.612790 -0.674326 
0.612695 0.692011 
0.685877 -0.608515 
-0.681321 0.617552 
0.911236 0.045447 
-0.031651 0.927729 
-0.915433 -0.047380 
0.041931 -0.916276 
0.842846 0.384953 
-0.384704 0.821517 
-0.818386 -0.379780 
0.380991 -0.839353 
0.854207 -0.301146 
0.305584 0.854465 
-0.861720 0.293802 
-0.311390 -0.862288 
0.776228 -0.475198 
0.469791 0.783799 
-0.786008 0.473188 
0.885208 0.225248 
-0.219420 0.888179 
0.231171 -0.889900 
0.914310 -0.120397 
0.133015 0.905641 
0.733977 0.544355 
-0.544355 0.733977 
-0.903809 0.133165 
0.554185 -0.751511 
-0.889606 -0.227525 
-0.473217 -0.781101 
-0.138169 -0.902448 
-0.737042 -0.562514 
0.788664 0.463221 
0.694110 0.452328 
0.637523 0.529514 
0.599555 0.440834 
0.540420 0.517804 
0.502760 0.428052 
0.562850 0.350734 
0.465651 0.337498 
0.405502 0.415051 
0.368423 0.324240 
0.428578 0.246713 
0.331351 0.233398 
0.271196 0.310936 
0.234125 0.220076 
0.294281 0.142540 
0.197054 0.129213 
0.136899 0.206749 
0.099828 0.115885 
0.159984 0.038349 
0.062758 0.025021 
0.002602 0.102557 
-0.034468 0.011693 
0.025688 -0.065843 
-0.071538 -0.079171 
-0.131694 -0.001635 
-0.011383 -0.156708 
-0.168764 -0.092500 
-0.228920 -0.014964 
-0.265990 -0.105828 
-0.326146 -0.028292 
-0.289076 0.062572 
-0.363217 -0.119156 
-0.303061 -0.196692 
-0.386302 0.049244 
-0.349231 0.140108 
-0.400287 -0.210021 
-0.340131 -0.287557 
-0.446458 0.126780 
-0.409387 0.217644 
-0.312161 0.230973 
-0.372317 0.308509 
-0.275091 0.321837 
-0.483528 0.035916 
0.085843 -0.143379 
0.048773 -0.234244 
0.145999 -0.220915 
0.108929 -0.311780 
0.206155 -0.298451 
0.169084 -0.389316 
0.071858 -0.402644 
0.266310 -0.375987 
0.303381 -0.285123 
-0.335246 0.399373 
-0.238020 0.412702 
0.132014 -0.480180 
0.034788 -0.493508 
0.363536 -0.362659 
0.400607 -0.271795 
-0.437357 -0.300885 
-0.377202 -0.378421 
-0.497513 -0.223349 
0.326466 -0.453523 
-0.543684 0.113452 
-0.469543 0.295181 
-0.580754 0.022587 
-0.298176 0.490238 
-0.200950 0.503566 
-0.140794 0.426030 
-0.103724 0.516894 
0.094944 -0.571044 
-0.002282 -0.584373 
0.460762 -0.349331 
0.497833 -0.258466 
0.437677 -0.180930 
0.534903 -0.167602 
-0.062438 -0.506837 
-0.099508 -0.597701 
0.474747 -0.090066 
0.571974 -0.076738 
-0.242905 -0.274229 
-0.043568 0.439358 
-0.006498 0.530223 
-0.395402 0.476909 
-0.066654 0.607759 
0.030572 0.621087 
0.090728 0.543551 
-0.534583 -0.314214 
-0.594739 -0.236677 
0.127798 0.634415 
-0.261106 0.581102 
0.632129 -0.154274 
0.669200 -0.063409 
0.609044 0.014127 
-0.640910 0.100123 
0.557988 -0.336002 
0.520918 -0.426867 
0.187954 0.556879 
-0.159664 -0.520165 
-0.196735 -0.611029 
0.377521 -0.103394 
-0.214935 0.244301 
-0.039353 -0.675237 
-0.677980 0.009259 
0.225024 0.647744 
0.706270 0.027455 
0.646114 0.104991 
-0.029583 0.698623 
-0.631809 -0.327542 
-0.571654 -0.405078 
0.285180 0.570207 
0.548888 0.091663 
0.150884 0.466015 
-0.256890 -0.533493 
-0.293961 -0.624358 
-0.354116 -0.546822 
-0.122594 -0.429301 
-0.603839 0.190988 
-0.701065 0.177660 
-0.663995 0.268524 
0.192170 -0.557716 
0.155099 -0.648581 
0.252325 -0.635252 
-0.048453 -0.247572 
-0.080639 0.348494 
0.183069 -0.130051 
-0.126809 0.685295 
0.016587 0.361822 
0.414592 -0.012530 
-0.691965 -0.250006 
0.322251 0.661072 
-0.232244 -0.700683 
0.164869 0.725280 
0.727605 -0.140231 
0.691993 -0.231691 
0.743340 0.118319 
0.683185 0.195856 
0.618097 -0.413519 
-0.389080 -0.636052 
-0.450991 -0.559878 
0.383554 0.584451 
0.317366 -0.025858 
-0.520598 -0.054949 
-0.020483 0.270958 
-0.654895 -0.159141 
0.215051 -0.724625 
0.117683 -0.736921 
-0.748772 -0.169871 
0.576717 -0.502625 
0.483122 -0.517435 
-0.089445 0.774012 
0.009453 0.784212 
-0.668880 -0.418406 
-0.604570 -0.492719 
0.311708 -0.707146 
0.349422 -0.620984 
0.406238 -0.694015 
0.538059 -0.593601 
-0.184137 0.755023 
-0.491416 -0.669242 
0.422953 0.679958 
0.360255 0.753713 
0.789561 -0.221657 
0.752441 -0.309346 
-0.765150 0.260623 
-0.717019 0.343731 
-0.625736 0.359000 
-0.808670 0.168994 
0.804809 0.039519 
-0.796539 -0.264158 
0.675757 -0.503202 
0.782729 0.208760 
0.719638 0.284141 
-0.702408 0.440185 
-0.589854 0.450253 
0.521108 0.685713 
0.482365 0.597527 
0.285425 -0.800615 
0.657325 0.361507 
0.525800 0.260011 
0.443110 0.505950 
0.308268 0.401787 
0.391507 0.155865 
0.488732 0.169186 
0.173969 0.297613 
0.211040 0.388474 
0.354436 0.065005 
-0.317046 -0.455957 
-0.550618 -0.575478 
-0.511089 -0.482365 
-0.529500 0.372652 
-0.492595 0.463570 
-0.550128 0.538457 
0.655111 -0.322632 
0.264256 0.745144 
0.200989 0.824218 
0.105751 0.805336 
0.243225 -0.207587 
0.289374 -0.544231 
0.594993 -0.245111 
-0.279976 -0.365093 
-0.182749 -0.351765 
-0.506613 0.204316 
0.068143 0.711492 
-0.321325 -0.709089 
-0.136319 -0.688364 
-0.072988 -0.762711 
0.122914 -0.052515 
0.229236 -0.466826 
-0.205835 -0.183364 
-0.432434 0.386032 
-0.191850 0.075901 
-0.094624 0.089229 
-0.154779 0.166765 
-0.165443 -0.796431 
0.423571 -0.440146 
0.386455 -0.530819 
-0.025368 -0.415972 
-0.085523 -0.338436 
-0.738560 0.086994 
-0.771113 -0.001570 
-0.557669 -0.145813 
-0.358332 0.567774 
-0.321167 0.657949 
-0.416375 0.642471 
-0.474359 -0.391708 
0.011703 -0.325108 
0.057816 -0.661488 
-0.219820 -0.442629 
-0.108609 -0.170036 
0.039673 0.193422 
-0.145679 -0.260900 
0.053658 0.452686 
-0.252005 0.153437 
-0.566538 0.281777 
-0.729035 -0.340870 
-0.163880 0.594430 
0.113813 0.375149 
-0.460443 -0.132485 
-0.414222 -0.469251 
-0.423372 -0.041620 
0.340451 -0.194259 
0.511818 0.000798 
-0.177865 0.335165 
0.021122 -0.750358 
-0.454758 0.553527 
-0.521360 0.638540 
0.764163 -0.049279 
-0.223548 0.670550 
0.841665 0.129026 
0.345621 0.492798 
0.257210 0.051677 
0.451662 0.078331 
-0.288141 0.754239 
-0.617824 -0.068277 
-0.117709 0.257629 
0.441710 -0.605806 
0.280295 -0.116723 
-0.057553 0.180093 
0.076743 0.284285 
-0.713810 -0.080756 
0.220140 -0.039187 
-0.820276 -0.086628 
0.248158 0.479360 
0.622459 0.272463 
0.585863 0.182362 
0.715088 -0.400095 
-0.647853 -0.571698 
0.811076 0.298269 
0.861016 -0.035677 
-0.011281 -0.836532 
-0.831968 0.072082 
-0.386486 0.730850 
-0.646521 0.528760 
0.080300 -0.826804 
0.035716 0.867838 
-0.299922 0.854259 
0.817294 -0.389978 
-0.805444 0.380801 
-0.474359 0.791421 
0.460506 -0.776317 
0.603102 -0.669003 
0.672992 0.617839 
-0.619643 0.683671 
-0.782647 -0.479226 
-0.877070 -0.308886 
-0.123326 0.910519 
0.137245 -0.902831 
-0.905090 -0.137475 
-0.736790 0.541608 
-0.398307 -0.826189 
0.888093 -0.213093 
-0.916207 0.042444 
-0.889575 0.218295 
-0.553477 -0.745830 
-0.226982 -0.880731 
0.177568 -0.812021 
0.397037 0.838162 
-0.049701 -0.915119 
0.819011 -0.125783 
0.743161 -0.551166 
-0.261513 -0.785494 
0.577850 0.606735 
-0.405519 -0.730459 
0.750130 0.372224 
0.314111 -0.882138 
0.922668 0.136865 
-0.468587 0.707452 
-0.148960 0.831130 
0.226045 0.905581 
0.496727 -0.680644 
-0.603795 0.601396 
0.936349 -0.041729 
-0.830683 -0.173741 
-0.087517 -0.842648 
-0.850846 -0.001219 
-0.742362 -0.416768 
0.561067 0.756511 
0.615135 -0.571293 
-0.058035 0.849240 
-0.339611 -0.782704 
-0.693038 -0.490481 
-0.698085 -0.632557 
0.368595 -0.760782 
0.887555 0.317568 
0.046666 0.943409 
-0.233294 0.816456 
-0.829634 0.233430 
Triangles 780 
377 253 406 
95 310 391 
257 78 290 
79 260 374 
65 255 284 
92 377 406 
260 261 374 
265 75 331 
94 255 390 
255 94 399 
290 78 291 
269 83 374 
75 265 381 
261 269 374 
349 74 368 
74 349 372 
258 387 395 
310 95 410 
391 310 397 
255 65 390 
22 23 372 
256 82 257 
60 61 373 
30 31 374 
387 87 395 
83 269 385 
269 369 385 
82 256 271 
65 284 363 
77 258 259 
264 69 345 
67 266 414 
266 67 396 
91 263 389 
342 90 379 
97 98 400 
228 290 291 
370 383 392 
253 377 414 
252 376 406 
23 74 372 
85 22 372 
358 71 384 
258 77 387 
78 257 393 
389 263 423 
81 60 373 
61 77 373 
83 30 374 
31 79 374 
228 291 292 
399 386 416 
272 236 276 
292 247 299 
273 76 419 
76 273 401 
84 267 345 
376 252 419 
94 386 399 
99 378 398 
263 91 367 
73 97 400 
266 81 362 
80 391 397 
257 82 393 
66 271 398 
101 272 276 
271 272 398 
291 88 292 
256 236 272 
69 264 365 
382 404 415 
228 292 299 
342 379 407 
383 86 392 
368 74 375 
267 84 364 
268 364 400 
71 358 411 
268 267 364 
376 92 406 
345 69 402 
87 365 395 
70 382 415 
378 66 398 
271 256 272 
274 103 360 
268 274 360 
100 103 274 
105 276 346 
276 236 346 
105 102 276 
232 360 361 
279 278 348 
207 202 361 
232 268 360 
207 279 348 
107 278 279 
275 107 279 
104 107 275 
279 207 361 
360 275 361 
277 105 346 
202 232 361 
106 105 277 
278 111 282 
278 282 348 
108 111 278 
280 281 333 
277 346 359 
281 208 333 
281 277 359 
280 109 281 
111 112 347 
282 111 347 
205 249 285 
318 320 341 
249 284 285 
341 320 342 
10 11 89 
55 56 92 
25 26 90 
286 160 306 
156 283 296 
156 321 335 
40 41 96 
160 286 330 
1 5 69 
3 20 70 
191 233 289 
179 287 306 
298 160 330 
2 35 71 
287 286 306 
115 303 357 
4 50 72 
113 280 355 
294 251 312 
297 296 324 
205 285 321 
283 156 335 
288 341 342 
296 283 324 
8 9 73 
112 115 347 
23 24 74 
216 294 304 
251 252 352 
53 54 76 
191 289 295 
321 285 335 
117 326 354 
6 7 84 
21 22 85 
179 318 341 
51 52 86 
212 297 324 
135 160 298 
294 158 304 
38 39 75 
134 135 298 
171 169 295 
36 37 93 
226 257 290 
297 212 314 
110 109 280 
187 171 295 
233 192 244 
287 179 341 
309 197 329 
169 191 295 
258 230 259 
59 60 81 
191 168 192 
260 215 261 
158 294 312 
14 15 82 
229 187 230 
226 256 257 
192 168 311 
214 213 215 
314 219 327 
191 192 233 
233 244 266 
29 30 83 
218 251 294 
280 333 355 
160 137 306 
307 309 329 
134 131 135 
133 156 296 
118 117 308 
151 216 304 
218 250 251 
190 159 213 
144 148 293 
226 236 256 
148 147 153 
261 262 269 
229 230 258 
144 147 148 
214 215 260 
200 226 290 
239 351 354 
144 145 147 
221 142 293 
200 206 226 
230 187 295 
142 143 144 
115 116 303 
142 144 293 
159 134 298 
190 213 214 
228 200 290 
301 227 310 
251 250 252 
130 131 134 
116 119 303 
216 218 294 
259 230 289 
247 203 299 
213 159 298 
140 142 221 
326 239 354 
130 127 131 
149 179 306 
219 325 327 
140 141 142 
154 153 168 
210 234 300 
121 118 308 
205 248 249 
289 230 295 
169 168 191 
149 162 179 
261 215 262 
185 193 200 
133 155 156 
181 182 185 
135 131 136 
135 137 160 
185 200 228 
219 314 322 
167 152 172 
172 152 313 
227 210 300 
195 210 227 
124 121 307 
167 172 173 
297 314 327 
195 209 210 
173 194 195 
307 308 309 
129 133 176 
123 125 305 
183 205 321 
181 178 182 
307 121 308 
129 132 133 
168 153 311 
125 129 305 
166 152 167 
245 192 311 
119 140 303 
126 124 127 
176 133 296 
148 153 154 
183 204 205 
212 172 313 
213 298 330 
302 301 310 
165 177 178 
137 149 306 
188 229 343 
195 227 301 
139 134 159 
136 131 329 
269 262 270 
189 202 207 
210 211 234 
173 172 194 
126 127 130 
220 164 339 
127 124 307 
180 178 181 
152 146 313 
312 251 352 
197 136 329 
188 187 229 
123 121 124 
347 115 357 
116 114 117 
123 305 325 
238 317 334 
119 122 140 
195 194 209 
120 118 121 
135 136 137 
185 228 299 
226 206 236 
262 215 330 
185 182 193 
165 164 177 
177 164 220 
234 235 255 
153 158 311 
286 262 330 
270 287 288 
200 193 206 
151 146 152 
125 124 126 
179 162 318 
314 313 322 
173 195 301 
153 147 158 
176 296 297 
325 305 327 
161 159 190 
177 220 223 
116 117 118 
181 185 299 
311 158 312 
240 184 317 
246 203 247 
334 128 336 
142 141 143 
210 209 211 
113 110 280 
318 319 320 
175 171 187 
144 143 145 
154 168 169 
163 164 165 
146 143 322 
120 121 123 
223 220 239 
239 220 351 
293 148 337 
129 176 305 
225 184 240 
133 132 155 
140 122 141 
57 58 67 
212 313 314 
112 113 114 
308 117 354 
182 178 328 
130 134 139 
125 128 129 
151 166 216 
214 260 263 
140 221 303 
189 207 338 
141 219 322 
129 128 132 
205 204 248 
12 13 66 
143 141 322 
219 122 325 
156 155 321 
141 122 219 
194 172 212 
313 146 322 
112 114 115 
127 307 329 
170 169 171 
317 157 334 
232 267 268 
198 301 302 
216 217 218 
234 211 235 
165 178 180 
225 240 243 
27 28 68 
145 146 151 
115 114 116 
119 118 120 
112 110 113 
123 124 125 
117 114 326 
151 152 166 
163 150 164 
203 181 299 
215 213 330 
167 173 198 
238 334 336 
114 113 326 
211 209 283 
145 151 304 
178 177 328 
244 192 245 
218 241 250 
120 123 325 
237 224 282 
170 171 174 
131 127 329 
177 223 328 
116 118 119 
125 126 128 
202 231 232 
119 120 122 
145 143 146 
208 182 328 
216 166 217 
170 174 196 
137 136 138 
137 138 149 
163 165 332 
138 136 197 
180 181 203 
255 235 284 
189 201 202 
166 167 323 
198 173 301 
193 182 208 
209 194 324 
176 297 327 
283 209 324 
184 157 317 
154 169 170 
305 176 327 
122 120 325 
221 293 353 
270 286 287 
194 212 324 
111 110 112 
165 180 332 
147 145 304 
155 157 183 
154 170 337 
196 174 224 
128 126 336 
270 262 286 
253 245 352 
196 224 237 
126 130 336 
245 312 352 
130 139 336 
148 154 337 
240 317 350 
245 311 312 
326 113 355 
149 138 150 
183 184 204 
243 240 356 
174 171 175 
162 150 163 
139 159 161 
328 223 333 
175 187 188 
162 163 186 
149 150 162 
190 214 315 
201 188 343 
155 132 157 
242 217 323 
44 45 94 
225 243 265 
204 184 225 
139 238 336 
183 157 184 
155 183 321 
218 217 241 
241 217 242 
250 241 273 
351 309 354 
202 201 231 
214 263 315 
217 166 323 
132 128 334 
232 231 267 
208 328 333 
175 188 189 
338 207 348 
186 163 332 
248 204 331 
189 188 201 
170 196 337 
231 201 264 
222 246 254 
284 235 285 
162 186 318 
180 222 332 
164 150 339 
197 309 351 
167 198 323 
180 203 222 
161 190 199 
222 203 246 
157 132 334 
211 283 335 
244 245 253 
139 161 238 
204 225 331 
138 197 339 
318 186 319 
224 174 338 
288 287 341 
225 265 331 
199 190 315 
198 302 340 
235 211 335 
158 147 304 
150 138 339 
223 239 355 
240 350 356 
174 175 338 
236 206 346 
199 315 316 
319 186 344 
175 189 338 
239 326 355 
237 282 347 
220 339 351 
282 224 348 
285 235 335 
264 201 343 
222 254 344 
186 332 344 
224 338 348 
61 62 77 
293 337 353 
323 198 340 
16 17 78 
337 196 353 
303 221 357 
31 32 79 
319 344 349 
231 264 345 
332 222 344 
267 231 345 
221 353 357 
317 238 350 
339 197 351 
242 323 340 
108 110 111 
309 308 354 
109 277 281 
196 237 353 
238 161 350 
344 254 349 
350 199 356 
46 47 80 
161 199 350 
333 223 355 
353 237 357 
63 64 87 
18 19 88 
33 34 91 
42 43 65 
199 316 356 
48 49 95 
243 356 358 
237 347 357 
208 281 359 
356 316 358 
109 106 277 
108 109 110 
193 208 359 
346 206 359 
206 193 359 
107 108 278 
108 106 109 
107 106 108 
104 106 107 
104 105 106 
103 104 275 
104 102 105 
103 275 360 
275 279 361 
103 102 104 
102 101 276 
100 102 103 
100 101 102 
100 99 101 
98 100 274 
259 289 362 
233 266 362 
289 233 362 
98 99 100 
77 259 373 
377 67 414 
247 292 371 
412 380 417 
364 73 400 
260 79 423 
98 89 99 
315 263 367 
265 93 381 
81 266 396 
284 249 363 
319 349 368 
368 375 403 
270 288 369 
93 265 409 
76 376 419 
264 343 365 
370 72 383 
340 302 366 
316 315 367 
86 273 392 
380 96 417 
273 241 392 
99 89 378 
340 366 370 
366 72 370 
320 319 368 
269 270 369 
365 87 408 
242 340 370 
229 258 395 
227 300 397 
358 384 409 
90 342 403 
292 88 371 
98 274 400 
331 75 412 
291 78 405 
88 291 405 
234 255 399 
259 362 373 
365 343 395 
97 89 98 
362 81 373 
242 370 392 
253 352 406 
265 243 409 
266 244 414 
250 273 419 
96 363 417 
369 68 385 
302 310 410 
358 316 411 
56 57 377 
11 12 378 
26 27 379 
57 67 377 
12 66 378 
27 68 379 
10 89 97 
25 90 375 
55 92 376 
92 56 377 
89 11 378 
90 26 379 
73 9 97 
74 24 375 
76 54 376 
40 96 380 
75 39 380 
38 75 381 
21 85 382 
93 37 381 
9 10 97 
24 25 375 
54 55 376 
51 86 383 
37 38 381 
36 93 384 
20 21 382 
39 40 380 
50 51 383 
35 36 384 
29 83 385 
28 29 385 
70 20 382 
68 28 385 
2 71 388 
71 35 384 
72 50 383 
45 46 386 
62 63 387 
32 33 389 
43 44 390 
47 48 391 
94 45 386 
34 2 388 
77 62 387 
44 94 390 
79 32 389 
46 80 386 
63 87 387 
80 47 391 
33 91 389 
65 43 390 
48 95 391 
91 34 388 
241 242 392 
371 70 415 
82 15 393 
16 78 393 
369 288 407 
367 91 388 
84 345 402 
15 16 393 
101 99 398 
300 399 416 
4 72 394 
95 49 394 
59 81 396 
67 58 396 
363 249 417 
49 4 394 
343 229 395 
58 59 396 
273 86 401 
310 227 397 
53 76 401 
86 52 401 
68 369 407 
72 366 394 
6 84 402 
69 5 402 
272 101 398 
247 371 415 
78 17 405 
18 88 405 
342 320 403 
82 271 413 
271 66 413 
363 96 418 
1 69 408 
87 64 408 
70 371 421 
14 82 413 
66 13 413 
96 41 418 
42 65 418 
3 70 421 
88 19 421 
8 73 420 
84 7 420 
65 363 418 
69 365 408 
73 364 420 
364 84 420 
300 234 399 
274 268 400 
52 53 401 
288 342 407 
371 88 421 
95 394 410 
5 6 402 
320 368 403 
382 85 404 
394 366 410 
254 246 404 
17 18 405 
352 252 406 
404 246 415 
349 254 422 
64 1 408 
384 93 409 
243 358 409 
397 300 416 
248 331 412 
13 14 413 
244 253 414 
248 412 417 
246 247 415 
249 248 417 
367 388 411 
41 42 418 
252 250 419 
7 8 420 
19 3 421 
263 260 423 
404 85 422 
375 90 403 
75 380 412 
366 302 410 
388 71 411 
316 367 411 
379 68 407 
79 389 423 
372 349 422 
386 80 416 
254 404 422 
80 397 416 
85 372 422 
