# x y 
0.672992 0.617839 
-0.184137 0.755023 
-0.603795 0.601396 
0.672992 0.617839 

-0.737042 -0.562514 
0.423571 -0.440146 
0.177568 -0.812021 
-0.737042 -0.562514 

0.789561 -0.221657 
-0.861720 0.293802 
0.200989 0.824218 
0.789561 -0.221657 

-0.311390 -0.862288 
-0.717019 0.343731 
-0.474359 0.791421 
-0.311390 -0.862288 

0.612695 0.692011 
0.422953 0.679958 
-0.511089 -0.482365 
0.612695 0.692011 

-0.889606 -0.227525 
0.672992 0.617839 
-0.603795 0.601396 
-0.889606 -0.227525 

-0.717019 0.343731 
-0.625736 0.359000 
-0.474359 0.791421 
-0.717019 0.343731 

0.675757 -0.503202 
0.380991 -0.839353 
-0.163880 0.594430 
0.675757 -0.503202 

-0.138169 -0.902448 
0.422953 0.679958 
-0.226982 -0.880731 
-0.138169 -0.902448 

0.422953 0.679958 
-0.138169 -0.902448 
0.750130 0.372224 
0.422953 0.679958 

0.200989 0.824218 
-0.861720 0.293802 
0.105751 0.805336 
0.200989 0.824218 

-0.589854 0.450253 
0.885208 0.225248 
-0.474359 0.791421 
-0.589854 0.450253 

0.380991 -0.839353 
0.675757 -0.503202 
-0.123326 0.910519 
0.380991 -0.839353 

-0.625736 0.359000 
-0.589854 0.450253 
-0.474359 0.791421 
-0.625736 0.359000 

-0.617824 -0.068277 
-0.818386 -0.379780 
-0.646521 0.528760 
-0.617824 -0.068277 

-0.818386 -0.379780 
-0.617824 -0.068277 
0.817294 -0.389978 
-0.818386 -0.379780 

0.752441 -0.309346 
-0.916207 0.042444 
0.743161 -0.551166 
0.752441 -0.309346 

0.423571 -0.440146 
-0.737042 -0.562514 
-0.850846 -0.001219 
0.423571 -0.440146 

0.177568 -0.812021 
0.423571 -0.440146 
0.577850 0.606735 
0.177568 -0.812021 

0.422953 0.679958 
0.612695 0.692011 
-0.226982 -0.880731 
0.422953 0.679958 

-0.382683 0.923880 
-0.471397 0.881921 
0.817294 -0.389978 
-0.382683 0.923880 

0.360255 0.753713 
-0.786008 0.473188 
0.789561 -0.221657 
0.360255 0.753713 

0.923880 -0.382683 
0.956940 -0.290285 
-0.805444 0.380801 
0.923880 -0.382683 

-0.923880 0.382683 
-0.956940 0.290285 
-0.474359 0.791421 
-0.923880 0.382683 

-0.916207 0.042444 
0.133015 0.905641 
0.743161 -0.551166 
-0.916207 0.042444 

0.885208 0.225248 
-0.589854 0.450253 
-0.398307 -0.826189 
0.885208 0.225248 

-0.589854 0.450253 
0.080300 -0.826804 
-0.398307 -0.826189 
-0.589854 0.450253 

-0.786008 0.473188 
0.360255 0.753713 
0.482365 0.597527 
-0.786008 0.473188 

0.612695 0.692011 
-0.511089 -0.482365 
0.811076 0.298269 
0.612695 0.692011 

0.305584 0.854465 
0.752441 -0.309346 
-0.765150 0.260623 
0.305584 0.854465 

-0.796539 -0.264158 
-0.031651 0.927729 
0.345621 0.492798 
-0.796539 -0.264158 

-0.681321 0.617552 
0.782729 0.208760 
-0.058035 0.849240 
-0.681321 0.617552 

0.782729 0.208760 
-0.681321 0.617552 
-0.261513 -0.785494 
0.782729 0.208760 

0.554185 -0.751511 
0.804809 0.039519 
-0.553477 -0.745830 
0.554185 -0.751511 

0.764163 -0.049279 
-0.903809 0.133165 
-0.782647 -0.479226 
0.764163 -0.049279 

0.694110 0.452328 
0.637523 0.529514 
0.314111 -0.882138 
0.694110 0.452328 

0.727605 -0.140231 
0.200989 0.824218 
0.105751 0.805336 
0.727605 -0.140231 

0.035716 0.867838 
-0.905090 -0.137475 
0.397037 0.838162 
0.035716 0.867838 

-0.184137 0.755023 
0.672992 0.617839 
-0.058035 0.849240 
-0.184137 0.755023 

0.538059 -0.593601 
0.603102 -0.669003 
-0.603795 0.601396 
0.538059 -0.593601 

-0.471397 0.881921 
-0.818386 -0.379780 
0.817294 -0.389978 
-0.471397 0.881921 

0.231171 -0.889900 
-0.382683 0.923880 
0.817294 -0.389978 
0.231171 -0.889900 

0.248158 0.479360 
0.041931 -0.916276 
-0.736790 0.541608 
0.248158 0.479360 

0.752441 -0.309346 
0.305584 0.854465 
-0.916207 0.042444 
0.752441 -0.309346 

-0.861720 0.293802 
0.789561 -0.221657 
-0.049701 -0.915119 
-0.861720 0.293802 

-0.553477 -0.745830 
0.804809 0.039519 
0.000000 0.000000 
-0.553477 -0.745830 

0.469791 0.783799 
0.923880 -0.382683 
-0.805444 0.380801 
0.469791 0.783799 

0.956940 -0.290285 
0.305584 0.854465 
-0.805444 0.380801 
0.956940 -0.290285 

0.885208 0.225248 
-0.923880 0.382683 
-0.474359 0.791421 
0.885208 0.225248 

-0.956940 0.290285 
-0.311390 -0.862288 
-0.474359 0.791421 
-0.956940 0.290285 

0.727605 -0.140231 
0.105751 0.805336 
0.243225 -0.207587 
0.727605 -0.140231 

0.750130 0.372224 
0.888093 -0.213093 
-0.693038 -0.490481 
0.750130 0.372224 

0.285425 -0.800615 
0.317366 -0.025858 
0.308268 0.401787 
0.285425 -0.800615 

0.243225 -0.207587 
-0.668880 -0.418406 
-0.321325 -0.709089 
0.243225 -0.207587 

0.657325 0.361507 
0.854207 -0.301146 
0.887555 0.317568 
0.657325 0.361507 

0.854207 -0.301146 
0.657325 0.361507 
0.922668 0.136865 
0.854207 -0.301146 

-0.219420 0.888179 
0.719638 0.284141 
0.345621 0.492798 
-0.219420 0.888179 

0.603102 -0.669003 
0.538059 -0.593601 
0.887555 0.317568 
0.603102 -0.669003 

-0.138169 -0.902448 
0.888093 -0.213093 
0.750130 0.372224 
-0.138169 -0.902448 

0.599555 0.440834 
-0.619643 0.683671 
-0.405519 -0.730459 
0.599555 0.440834 

0.804809 0.039519 
0.554185 -0.751511 
-0.386486 0.730850 
0.804809 0.039519 

-0.384704 0.821517 
0.694110 0.452328 
0.314111 -0.882138 
-0.384704 0.821517 

0.782729 0.208760 
0.469791 0.783799 
-0.647853 -0.571698 
0.782729 0.208760 

0.776228 -0.475198 
0.177568 -0.812021 
0.577850 0.606735 
0.776228 -0.475198 

0.789561 -0.221657 
-0.786008 0.473188 
-0.049701 -0.915119 
0.789561 -0.221657 

0.685877 -0.608515 
0.482365 0.597527 
-0.405519 -0.730459 
0.685877 -0.608515 

0.502760 0.428052 
0.285425 -0.800615 
0.308268 0.401787 
0.502760 0.428052 

0.482365 0.597527 
0.285425 -0.800615 
-0.405519 -0.730459 
0.482365 0.597527 

0.105751 0.805336 
0.733977 0.544355 
0.243225 -0.207587 
0.105751 0.805336 

0.360255 0.753713 
0.317366 -0.025858 
0.285425 -0.800615 
0.360255 0.753713 

-0.031651 0.927729 
-0.796539 -0.264158 
-0.011281 -0.836532 
-0.031651 0.927729 

0.137245 -0.902831 
0.226045 0.905581 
-0.339611 -0.782704 
0.137245 -0.902831 

0.727605 -0.140231 
0.243225 -0.207587 
-0.321325 -0.709089 
0.727605 -0.140231 

0.764163 -0.049279 
-0.782647 -0.479226 
0.936349 -0.041729 
0.764163 -0.049279 

-0.905090 -0.137475 
0.914310 -0.120397 
0.397037 0.838162 
-0.905090 -0.137475 

-0.646521 0.528760 
-0.818386 -0.379780 
0.460506 -0.776317 
-0.646521 0.528760 

0.719638 0.284141 
-0.219420 0.888179 
0.861016 -0.035677 
0.719638 0.284141 

-0.702408 0.440185 
0.861016 -0.035677 
0.314111 -0.882138 
-0.702408 0.440185 

0.041931 -0.916276 
0.248158 0.479360 
-0.742362 -0.416768 
0.041931 -0.916276 

-0.702408 0.440185 
0.719638 0.284141 
0.861016 -0.035677 
-0.702408 0.440185 

0.603102 -0.669003 
-0.889606 -0.227525 
-0.603795 0.601396 
0.603102 -0.669003 

0.345621 0.492798 
-0.031651 0.927729 
-0.468587 0.707452 
0.345621 0.492798 

0.133015 0.905641 
-0.011281 -0.836532 
0.743161 -0.551166 
0.133015 0.905641 

-0.915433 -0.047380 
0.137245 -0.902831 
-0.339611 -0.782704 
-0.915433 -0.047380 

-0.619643 0.683671 
0.685877 -0.608515 
-0.405519 -0.730459 
-0.619643 0.683671 

0.482365 0.597527 
0.360255 0.753713 
0.285425 -0.800615 
0.482365 0.597527 

0.525800 0.260011 
0.465651 0.337498 
0.585863 0.182362 
0.525800 0.260011 

-0.702408 0.440185 
0.525800 0.260011 
0.585863 0.182362 
-0.702408 0.440185 

0.540420 0.517804 
0.465651 0.337498 
0.525800 0.260011 
0.540420 0.517804 

0.368423 0.324240 
0.308268 0.401787 
0.257210 0.051677 
0.368423 0.324240 

0.308268 0.401787 
0.317366 -0.025858 
0.257210 0.051677 
0.308268 0.401787 

0.368423 0.324240 
0.562850 0.350734 
0.308268 0.401787 
0.368423 0.324240 

0.618097 -0.413519 
0.585863 0.182362 
0.715088 -0.400095 
0.618097 -0.413519 

0.173969 0.297613 
0.488732 0.169186 
-0.288141 0.754239 
0.173969 0.297613 

0.150884 0.466015 
-0.029583 0.698623 
0.715088 -0.400095 
0.150884 0.466015 

0.618097 -0.413519 
-0.702408 0.440185 
0.585863 0.182362 
0.618097 -0.413519 

0.150884 0.466015 
0.173969 0.297613 
-0.288141 0.754239 
0.150884 0.466015 

0.331351 0.233398 
0.488732 0.169186 
0.173969 0.297613 
0.331351 0.233398 

0.443110 0.505950 
0.331351 0.233398 
0.173969 0.297613 
0.443110 0.505950 

0.405502 0.415051 
0.331351 0.233398 
0.443110 0.505950 
0.405502 0.415051 

0.173969 0.297613 
0.150884 0.466015 
0.715088 -0.400095 
0.173969 0.297613 

0.585863 0.182362 
0.443110 0.505950 
0.715088 -0.400095 
0.585863 0.182362 

0.391507 0.155865 
0.368423 0.324240 
0.257210 0.051677 
0.391507 0.155865 

-0.029583 0.698623 
0.618097 -0.413519 
0.715088 -0.400095 
-0.029583 0.698623 

0.428578 0.246713 
0.368423 0.324240 
0.391507 0.155865 
0.428578 0.246713 

0.488732 0.169186 
0.197054 0.129213 
-0.317046 -0.455957 
0.488732 0.169186 

0.488732 0.169186 
-0.317046 -0.455957 
-0.288141 0.754239 
0.488732 0.169186 

0.271196 0.310936 
0.197054 0.129213 
0.488732 0.169186 
0.271196 0.310936 

0.211040 0.388474 
0.354436 0.065005 
-0.460443 -0.132485 
0.211040 0.388474 

0.391507 0.155865 
0.257210 0.051677 
0.622459 0.272463 
0.391507 0.155865 

0.354436 0.065005 
-0.256890 -0.533493 
-0.460443 -0.132485 
0.354436 0.065005 

0.354436 0.065005 
0.391507 0.155865 
0.622459 0.272463 
0.354436 0.065005 

0.211040 0.388474 
0.234125 0.220076 
0.354436 0.065005 
0.211040 0.388474 

0.197054 0.129213 
0.136899 0.206749 
0.451662 0.078331 
0.197054 0.129213 

-0.317046 -0.455957 
0.197054 0.129213 
0.451662 0.078331 
-0.317046 -0.455957 

0.285180 0.570207 
0.311708 -0.707146 
-0.529500 0.372652 
0.285180 0.570207 

-0.321167 0.657949 
-0.474359 -0.391708 
-0.521360 0.638540 
-0.321167 0.657949 

0.311708 -0.707146 
-0.511089 -0.482365 
-0.529500 0.372652 
0.311708 -0.707146 

-0.521360 0.638540 
-0.474359 -0.391708 
0.764163 -0.049279 
-0.521360 0.638540 

0.773010 0.634393 
0.707107 0.707107 
-0.544355 0.733977 
0.773010 0.634393 

0.634393 -0.773010 
0.707107 -0.707107 
-0.889606 -0.227525 
0.634393 -0.773010 

-0.634393 0.773010 
-0.707107 0.707107 
-0.903809 0.133165 
-0.634393 0.773010 

-0.492595 0.463570 
-0.580754 0.022587 
-0.191850 0.075901 
-0.492595 0.463570 

-0.497513 -0.223349 
-0.550618 -0.575478 
-0.182749 -0.351765 
-0.497513 -0.223349 

-0.497513 -0.223349 
0.011703 -0.325108 
-0.423372 -0.041620 
-0.497513 -0.223349 

-0.773010 -0.634393 
-0.707107 -0.707107 
0.788664 0.463221 
-0.773010 -0.634393 

-0.580754 0.022587 
-0.492595 0.463570 
-0.729035 -0.340870 
-0.580754 0.022587 

-1.000000 0.000000 
0.980785 0.195090 
-0.031651 0.927729 
-1.000000 0.000000 

0.000000 -1.000000 
-0.195090 0.980785 
-0.915433 -0.047380 
0.000000 -1.000000 

0.520918 -0.426867 
-0.389080 -0.636052 
0.264256 0.745144 
0.520918 -0.426867 

-0.066654 0.607759 
-0.550128 0.538457 
-0.191850 0.075901 
-0.066654 0.607759 

0.068143 0.711492 
-0.580754 0.022587 
-0.729035 -0.340870 
0.068143 0.711492 

0.000000 1.000000 
-0.980785 -0.195090 
0.041931 -0.916276 
0.000000 1.000000 

-0.550128 0.538457 
-0.492595 0.463570 
-0.191850 0.075901 
-0.550128 0.538457 

0.062758 0.025021 
0.229236 -0.466826 
-0.820276 -0.086628 
0.062758 0.025021 

0.995185 0.098017 
0.195090 -0.980785 
0.842846 0.384953 
0.995185 0.098017 

0.099828 0.115885 
0.211040 0.388474 
-0.713810 -0.080756 
0.099828 0.115885 

0.594993 -0.245111 
0.406238 -0.694015 
-0.025368 -0.415972 
0.594993 -0.245111 

-0.506613 0.204316 
-0.182749 -0.351765 
-0.108609 -0.170036 
-0.506613 0.204316 

0.285180 0.570207 
-0.529500 0.372652 
0.011703 -0.325108 
0.285180 0.570207 

-0.550618 -0.575478 
-0.497513 -0.223349 
-0.423372 -0.041620 
-0.550618 -0.575478 

0.655111 -0.322632 
-0.521360 0.638540 
0.764163 -0.049279 
0.655111 -0.322632 

-0.182749 -0.351765 
-0.550618 -0.575478 
-0.108609 -0.170036 
-0.182749 -0.351765 

0.881921 0.471397 
0.831470 0.555570 
-0.384704 0.821517 
0.881921 0.471397 

0.136899 0.206749 
0.062758 0.025021 
0.451662 0.078331 
0.136899 0.206749 

-0.471397 0.881921 
-0.555570 0.831470 
-0.818386 -0.379780 
-0.471397 0.881921 

0.155099 -0.648581 
0.594993 -0.245111 
-0.205835 -0.183364 
0.155099 -0.648581 

0.406238 -0.694015 
0.538059 -0.593601 
0.280295 -0.116723 
0.406238 -0.694015 

0.471397 -0.881921 
0.555570 -0.831470 
0.854207 -0.301146 
0.471397 -0.881921 

0.520918 -0.426867 
0.264256 0.745144 
-0.279976 -0.365093 
0.520918 -0.426867 

0.011703 -0.325108 
-0.529500 0.372652 
-0.423372 -0.041620 
0.011703 -0.325108 

-0.034468 0.011693 
-0.145679 -0.260900 
0.076743 0.284285 
-0.034468 0.011693 

0.956940 0.290285 
0.923880 0.382683 
-0.219420 0.888179 
0.956940 0.290285 

-0.290285 0.956940 
-0.382683 0.923880 
0.231171 -0.889900 
-0.290285 0.956940 

-0.066654 0.607759 
-0.321167 0.657949 
-0.521360 0.638540 
-0.066654 0.607759 

0.290285 -0.956940 
0.382683 -0.923880 
0.914310 -0.120397 
0.290285 -0.956940 

-0.603839 0.190988 
-0.506613 0.204316 
-0.108609 -0.170036 
-0.603839 0.190988 

-0.312161 0.230973 
-0.580754 0.022587 
0.068143 0.711492 
-0.312161 0.230973 

0.594993 -0.245111 
-0.543684 0.113452 
-0.205835 -0.183364 
0.594993 -0.245111 

-0.881921 -0.471397 
-0.831470 -0.555570 
0.380991 -0.839353 
-0.881921 -0.471397 

-0.409387 0.217644 
-0.312161 0.230973 
0.068143 0.711492 
-0.409387 0.217644 

-0.062438 -0.506837 
0.437677 -0.180930 
-0.279976 -0.365093 
-0.062438 -0.506837 

-0.956940 -0.290285 
-0.923880 -0.382683 
-0.473217 -0.781101 
-0.956940 -0.290285 

-0.232244 -0.700683 
0.789561 -0.221657 
0.200989 0.824218 
-0.232244 -0.700683 

-0.506613 0.204316 
-0.603839 0.190988 
-0.738560 0.086994 
-0.506613 0.204316 

0.294281 0.142540 
0.234125 0.220076 
0.211040 0.388474 
0.294281 0.142540 

0.669200 -0.063409 
-0.062438 -0.506837 
-0.279976 -0.365093 
0.669200 -0.063409 

-0.389080 -0.636052 
0.187954 0.556879 
0.483122 -0.517435 
-0.389080 -0.636052 

-0.550128 0.538457 
-0.066654 0.607759 
-0.521360 0.638540 
-0.550128 0.538457 

-0.165443 -0.796431 
-0.039353 -0.675237 
-0.566538 0.281777 
-0.165443 -0.796431 

0.437677 -0.180930 
0.520918 -0.426867 
-0.279976 -0.365093 
0.437677 -0.180930 

0.752441 -0.309346 
0.743340 0.118319 
-0.765150 0.260623 
0.752441 -0.309346 

0.881921 -0.471397 
0.923880 -0.382683 
0.469791 0.783799 
0.881921 -0.471397 

0.520918 -0.426867 
0.497833 -0.258466 
0.187954 0.556879 
0.520918 -0.426867 

-0.717019 0.343731 
0.192170 -0.557716 
-0.625736 0.359000 
-0.717019 0.343731 

-0.543684 0.113452 
0.594993 -0.245111 
-0.025368 -0.415972 
-0.543684 0.113452 

0.471397 0.881921 
0.382683 0.923880 
-0.786008 0.473188 
0.471397 0.881921 

0.691993 -0.231691 
0.669200 -0.063409 
0.743340 0.118319 
0.691993 -0.231691 

-0.232244 -0.700683 
0.360255 0.753713 
0.789561 -0.221657 
-0.232244 -0.700683 

0.187954 0.556879 
0.497833 -0.258466 
0.386455 -0.530819 
0.187954 0.556879 

-0.663995 0.268524 
-0.701065 0.177660 
0.192170 -0.557716 
-0.663995 0.268524 

-0.738560 0.086994 
-0.080639 0.348494 
0.053658 0.452686 
-0.738560 0.086994 

0.520918 -0.426867 
0.187954 0.556879 
-0.389080 -0.636052 
0.520918 -0.426867 

-0.389080 -0.636052 
0.483122 -0.517435 
0.782729 0.208760 
-0.389080 -0.636052 

-0.881921 0.471397 
-0.923880 0.382683 
0.885208 0.225248 
-0.881921 0.471397 

-0.048453 -0.247572 
0.406238 -0.694015 
0.594993 -0.245111 
-0.048453 -0.247572 

0.211040 0.388474 
-0.460443 -0.132485 
-0.713810 -0.080756 
0.211040 0.388474 

-0.580754 0.022587 
-0.275091 0.321837 
-0.191850 0.075901 
-0.580754 0.022587 

-0.094624 0.089229 
-0.165443 -0.796431 
-0.566538 0.281777 
-0.094624 0.089229 

-0.409387 0.217644 
-0.400287 -0.210021 
-0.312161 0.230973 
-0.409387 0.217644 

-0.446458 0.126780 
-0.497513 -0.223349 
-0.182749 -0.351765 
-0.446458 0.126780 

0.025688 -0.065843 
-0.034468 0.011693 
-0.154779 0.166765 
0.025688 -0.065843 

0.034788 -0.493508 
0.155099 -0.648581 
-0.205835 -0.183364 
0.034788 -0.493508 

-0.048453 -0.247572 
0.349422 -0.620984 
0.406238 -0.694015 
-0.048453 -0.247572 

0.557988 -0.336002 
-0.469543 0.295181 
-0.701065 0.177660 
0.557988 -0.336002 

0.169084 -0.389316 
-0.335246 0.399373 
0.289374 -0.544231 
0.169084 -0.389316 

-0.232244 -0.700683 
0.317366 -0.025858 
0.360255 0.753713 
-0.232244 -0.700683 

-0.335246 0.399373 
0.303381 -0.285123 
0.400607 -0.271795 
-0.335246 0.399373 

-0.625736 0.359000 
-0.808670 0.168994 
-0.589854 0.450253 
-0.625736 0.359000 

0.691993 -0.231691 
0.743340 0.118319 
0.752441 -0.309346 
0.691993 -0.231691 

0.169084 -0.389316 
0.303381 -0.285123 
-0.335246 0.399373 
0.169084 -0.389316 

-0.663995 0.268524 
0.192170 -0.557716 
-0.717019 0.343731 
-0.663995 0.268524 

0.706270 0.027455 
-0.232244 -0.700683 
0.200989 0.824218 
0.706270 0.027455 

-0.654895 -0.159141 
0.441710 -0.605806 
0.076743 0.284285 
-0.654895 -0.159141 

0.169084 -0.389316 
0.071858 -0.402644 
0.303381 -0.285123 
0.169084 -0.389316 

-0.126809 0.685295 
0.108929 -0.311780 
0.289374 -0.544231 
-0.126809 0.685295 

0.706270 0.027455 
0.548888 0.091663 
-0.232244 -0.700683 
0.706270 0.027455 

0.743340 0.118319 
0.669200 -0.063409 
-0.279976 -0.365093 
0.743340 0.118319 

0.108929 -0.311780 
0.206155 -0.298451 
0.169084 -0.389316 
0.108929 -0.311780 

0.062758 0.025021 
0.002602 0.102557 
0.229236 -0.466826 
0.062758 0.025021 

0.108929 -0.311780 
0.169084 -0.389316 
0.289374 -0.544231 
0.108929 -0.311780 

-0.469543 0.295181 
-0.409387 0.217644 
0.068143 0.711492 
-0.469543 0.295181 

0.557988 -0.336002 
-0.701065 0.177660 
-0.663995 0.268524 
0.557988 -0.336002 

0.727605 -0.140231 
0.706270 0.027455 
0.200989 0.824218 
0.727605 -0.140231 

-0.072988 -0.762711 
0.164869 0.725280 
0.423571 -0.440146 
-0.072988 -0.762711 

0.406238 -0.694015 
0.349422 -0.620984 
0.538059 -0.593601 
0.406238 -0.694015 

-0.349231 0.140108 
-0.400287 -0.210021 
-0.409387 0.217644 
-0.349231 0.140108 

0.002602 0.102557 
-0.071538 -0.079171 
0.229236 -0.466826 
0.002602 0.102557 

0.155099 -0.648581 
-0.048453 -0.247572 
0.594993 -0.245111 
0.155099 -0.648581 

-0.765150 0.260623 
0.743340 0.118319 
0.264256 0.745144 
-0.765150 0.260623 

-0.668880 -0.418406 
-0.631809 -0.327542 
-0.321325 -0.709089 
-0.668880 -0.418406 

-0.701065 0.177660 
-0.469543 0.295181 
0.068143 0.711492 
-0.701065 0.177660 

0.048773 -0.234244 
0.108929 -0.311780 
-0.126809 0.685295 
0.048773 -0.234244 

-0.145679 -0.260900 
-0.654895 -0.159141 
0.076743 0.284285 
-0.145679 -0.260900 

-0.349231 0.140108 
-0.363217 -0.119156 
-0.400287 -0.210021 
-0.349231 0.140108 

-0.238020 0.412702 
-0.066654 0.607759 
-0.191850 0.075901 
-0.238020 0.412702 

-0.080639 0.348494 
0.039673 0.193422 
0.053658 0.452686 
-0.080639 0.348494 

0.048773 -0.234244 
0.145999 -0.220915 
0.108929 -0.311780 
0.048773 -0.234244 

-0.437357 -0.300885 
0.400607 -0.271795 
0.497833 -0.258466 
-0.437357 -0.300885 

-0.354116 -0.546822 
-0.450991 -0.559878 
-0.136319 -0.688364 
-0.354116 -0.546822 

-0.011383 -0.156708 
0.025688 -0.065843 
-0.154779 0.166765 
-0.011383 -0.156708 

0.285180 0.570207 
-0.604570 -0.492719 
0.311708 -0.707146 
0.285180 0.570207 

0.264256 0.745144 
0.743340 0.118319 
-0.279976 -0.365093 
0.264256 0.745144 

0.437677 -0.180930 
0.497833 -0.258466 
0.520918 -0.426867 
0.437677 -0.180930 

-0.238020 0.412702 
-0.200950 0.503566 
-0.066654 0.607759 
-0.238020 0.412702 

-0.625736 0.359000 
0.192170 -0.557716 
-0.808670 0.168994 
-0.625736 0.359000 

-0.261106 0.581102 
-0.159664 -0.520165 
0.706270 0.027455 
-0.261106 0.581102 

-0.446458 0.126780 
-0.377202 -0.378421 
-0.497513 -0.223349 
-0.446458 0.126780 

0.090728 0.543551 
-0.534583 -0.314214 
-0.261106 0.581102 
0.090728 0.543551 

-0.312161 0.230973 
-0.400287 -0.210021 
-0.372317 0.308509 
-0.312161 0.230973 

-0.312161 0.230973 
-0.275091 0.321837 
-0.580754 0.022587 
-0.312161 0.230973 

-0.261106 0.581102 
0.706270 0.027455 
0.727605 -0.140231 
-0.261106 0.581102 

-0.080639 0.348494 
-0.738560 0.086994 
0.057816 -0.661488 
-0.080639 0.348494 

0.460762 -0.349331 
0.363536 -0.362659 
-0.099508 -0.597701 
0.460762 -0.349331 

-0.099508 -0.597701 
0.363536 -0.362659 
-0.085523 -0.338436 
-0.099508 -0.597701 

0.164869 0.725280 
-0.354116 -0.546822 
-0.136319 -0.688364 
0.164869 0.725280 

0.377521 -0.103394 
-0.354116 -0.546822 
0.164869 0.725280 
0.377521 -0.103394 

-0.265990 -0.105828 
-0.011383 -0.156708 
-0.094624 0.089229 
-0.265990 -0.105828 

0.460762 -0.349331 
-0.099508 -0.597701 
0.474747 -0.090066 
0.460762 -0.349331 

-0.506613 0.204316 
-0.738560 0.086994 
0.053658 0.452686 
-0.506613 0.204316 

0.377521 -0.103394 
-0.293961 -0.624358 
-0.354116 -0.546822 
0.377521 -0.103394 

0.474747 -0.090066 
-0.196735 -0.611029 
0.377521 -0.103394 
0.474747 -0.090066 

-0.094624 0.089229 
-0.154779 0.166765 
-0.165443 -0.796431 
-0.094624 0.089229 

-0.386302 0.049244 
-0.446458 0.126780 
-0.043568 0.439358 
-0.386302 0.049244 

-0.228920 -0.014964 
-0.326146 -0.028292 
-0.432434 0.386032 
-0.228920 -0.014964 

-0.594739 -0.236677 
0.285180 0.570207 
0.011703 -0.325108 
-0.594739 -0.236677 

0.090728 0.543551 
-0.395402 0.476909 
-0.534583 -0.314214 
0.090728 0.543551 

-0.094624 0.089229 
-0.011383 -0.156708 
-0.154779 0.166765 
-0.094624 0.089229 

-0.386302 0.049244 
-0.340131 -0.287557 
-0.446458 0.126780 
-0.386302 0.049244 

0.497833 -0.258466 
0.400607 -0.271795 
0.386455 -0.530819 
0.497833 -0.258466 

-0.326146 -0.028292 
-0.386302 0.049244 
-0.432434 0.386032 
-0.326146 -0.028292 

-0.002282 -0.584373 
0.363536 -0.362659 
0.460762 -0.349331 
-0.002282 -0.584373 

-0.089445 0.774012 
0.187954 0.556879 
0.386455 -0.530819 
-0.089445 0.774012 

-0.071538 -0.079171 
0.048773 -0.234244 
0.229236 -0.466826 
-0.071538 -0.079171 

-0.289076 0.062572 
-0.265990 -0.105828 
-0.363217 -0.119156 
-0.289076 0.062572 

-0.043568 0.439358 
-0.446458 0.126780 
-0.182749 -0.351765 
-0.043568 0.439358 

-0.335246 0.399373 
0.400607 -0.271795 
-0.437357 -0.300885 
-0.335246 0.399373 

-0.594739 -0.236677 
-0.571654 -0.405078 
0.285180 0.570207 
-0.594739 -0.236677 

-0.603839 0.190988 
-0.099508 -0.597701 
-0.085523 -0.338436 
-0.603839 0.190988 

-0.701065 0.177660 
0.068143 0.711492 
-0.729035 -0.340870 
-0.701065 0.177660 

0.122914 -0.052515 
-0.072988 -0.762711 
0.423571 -0.440146 
0.122914 -0.052515 

0.094944 -0.571044 
-0.006498 0.530223 
-0.395402 0.476909 
0.094944 -0.571044 

-0.275091 0.321837 
-0.238020 0.412702 
-0.191850 0.075901 
-0.275091 0.321837 

0.609044 0.014127 
0.691993 -0.231691 
-0.223548 0.670550 
0.609044 0.014127 

0.377521 -0.103394 
0.164869 0.725280 
-0.072988 -0.762711 
0.377521 -0.103394 

0.085843 -0.143379 
-0.409387 0.217644 
-0.469543 0.295181 
0.085843 -0.143379 

-0.372317 0.308509 
-0.400287 -0.210021 
-0.566538 0.281777 
-0.372317 0.308509 

-0.589854 0.450253 
-0.808670 0.168994 
0.521108 0.685713 
-0.589854 0.450253 

-0.640910 0.100123 
-0.029583 0.698623 
0.150884 0.466015 
-0.640910 0.100123 

-0.354116 -0.546822 
-0.122594 -0.429301 
-0.450991 -0.559878 
-0.354116 -0.546822 

0.474747 -0.090066 
-0.099508 -0.597701 
-0.196735 -0.611029 
0.474747 -0.090066 

-0.289076 0.062572 
-0.363217 -0.119156 
-0.349231 0.140108 
-0.289076 0.062572 

0.183069 -0.130051 
-0.103724 0.516894 
0.021122 -0.750358 
0.183069 -0.130051 

-0.363217 -0.119156 
-0.265990 -0.105828 
-0.094624 0.089229 
-0.363217 -0.119156 

0.030572 0.621087 
-0.395402 0.476909 
0.090728 0.543551 
0.030572 0.621087 

0.363536 -0.362659 
0.266310 -0.375987 
-0.085523 -0.338436 
0.363536 -0.362659 

-0.025368 -0.415972 
0.406238 -0.694015 
0.280295 -0.116723 
-0.025368 -0.415972 

-0.039353 -0.675237 
-0.372317 0.308509 
-0.566538 0.281777 
-0.039353 -0.675237 

0.609044 0.014127 
0.669200 -0.063409 
0.691993 -0.231691 
0.609044 0.014127 

-0.228920 -0.014964 
-0.011383 -0.156708 
-0.265990 -0.105828 
-0.228920 -0.014964 

0.451662 0.078331 
0.062758 0.025021 
-0.820276 -0.086628 
0.451662 0.078331 

0.002602 0.102557 
0.159984 0.038349 
-0.034468 0.011693 
0.002602 0.102557 

-0.228920 -0.014964 
-0.432434 0.386032 
0.039673 0.193422 
-0.228920 -0.014964 

-0.020483 0.270958 
-0.358332 0.567774 
-0.414222 -0.469251 
-0.020483 0.270958 

-0.071538 -0.079171 
-0.168764 -0.092500 
0.048773 -0.234244 
-0.071538 -0.079171 

0.377521 -0.103394 
-0.196735 -0.611029 
-0.293961 -0.624358 
0.377521 -0.103394 

-0.131694 -0.001635 
0.025688 -0.065843 
-0.011383 -0.156708 
-0.131694 -0.001635 

-0.312161 0.230973 
-0.372317 0.308509 
-0.275091 0.321837 
-0.312161 0.230973 

-0.261106 0.581102 
0.727605 -0.140231 
-0.321325 -0.709089 
-0.261106 0.581102 

-0.232244 -0.700683 
0.548888 0.091663 
0.317366 -0.025858 
-0.232244 -0.700683 

-0.808670 0.168994 
0.192170 -0.557716 
-0.729035 -0.340870 
-0.808670 0.168994 

-0.261106 0.581102 
-0.534583 -0.314214 
-0.159664 -0.520165 
-0.261106 0.581102 

0.094944 -0.571044 
-0.103724 0.516894 
-0.006498 0.530223 
0.094944 -0.571044 

-0.006498 0.530223 
-0.103724 0.516894 
0.183069 -0.130051 
-0.006498 0.530223 

-0.450991 -0.559878 
0.383554 0.584451 
0.422953 0.679958 
-0.450991 -0.559878 

0.400607 -0.271795 
-0.543684 0.113452 
0.386455 -0.530819 
0.400607 -0.271795 

-0.492595 0.463570 
-0.808670 0.168994 
-0.729035 -0.340870 
-0.492595 0.463570 

0.521108 0.685713 
-0.550128 0.538457 
0.655111 -0.322632 
0.521108 0.685713 

0.706270 0.027455 
-0.159664 -0.520165 
0.548888 0.091663 
0.706270 0.027455 

0.034788 -0.493508 
0.266310 -0.375987 
0.363536 -0.362659 
0.034788 -0.493508 

-0.326146 -0.028292 
-0.265990 -0.105828 
-0.289076 0.062572 
-0.326146 -0.028292 

-0.066654 0.607759 
-0.200950 0.503566 
-0.321167 0.657949 
-0.066654 0.607759 

-0.738560 0.086994 
-0.085523 -0.338436 
0.057816 -0.661488 
-0.738560 0.086994 

0.474747 -0.090066 
0.377521 -0.103394 
-0.072988 -0.762711 
0.474747 -0.090066 

0.400607 -0.271795 
0.303381 -0.285123 
-0.543684 0.113452 
0.400607 -0.271795 

-0.043568 0.439358 
-0.182749 -0.351765 
-0.506613 0.204316 
-0.043568 0.439358 

0.039673 0.193422 
-0.432434 0.386032 
0.053658 0.452686 
0.039673 0.193422 

-0.298176 0.490238 
-0.469543 0.295181 
0.557988 -0.336002 
-0.298176 0.490238 

-0.006498 0.530223 
0.183069 -0.130051 
0.414592 -0.012530 
-0.006498 0.530223 

0.002602 0.102557 
-0.034468 0.011693 
0.025688 -0.065843 
0.002602 0.102557 

0.090728 0.543551 
-0.261106 0.581102 
-0.321325 -0.709089 
0.090728 0.543551 

0.386455 -0.530819 
-0.543684 0.113452 
-0.025368 -0.415972 
0.386455 -0.530819 

0.215051 -0.724625 
0.127798 0.634415 
-0.358332 0.567774 
0.215051 -0.724625 

0.009453 0.784212 
-0.631809 -0.327542 
-0.668880 -0.418406 
0.009453 0.784212 

-0.414222 -0.469251 
-0.303061 -0.196692 
0.340451 -0.194259 
-0.414222 -0.469251 

0.108929 -0.311780 
0.145999 -0.220915 
0.206155 -0.298451 
0.108929 -0.311780 

-0.354116 -0.546822 
-0.293961 -0.624358 
-0.122594 -0.429301 
-0.354116 -0.546822 

0.099828 0.115885 
0.294281 0.142540 
0.211040 0.388474 
0.099828 0.115885 

-0.321167 0.657949 
-0.416375 0.642471 
-0.474359 -0.391708 
-0.321167 0.657949 

-0.242905 -0.274229 
-0.062438 -0.506837 
0.669200 -0.063409 
-0.242905 -0.274229 

0.169084 -0.389316 
0.206155 -0.298451 
0.071858 -0.402644 
0.169084 -0.389316 

-0.437357 -0.300885 
0.497833 -0.258466 
0.437677 -0.180930 
-0.437357 -0.300885 

-0.140794 0.426030 
-0.103724 0.516894 
0.094944 -0.571044 
-0.140794 0.426030 

0.266310 -0.375987 
0.206155 -0.298451 
0.057816 -0.661488 
0.266310 -0.375987 

-0.131694 -0.001635 
-0.011383 -0.156708 
-0.228920 -0.014964 
-0.131694 -0.001635 

0.414592 -0.012530 
0.183069 -0.130051 
-0.654895 -0.159141 
0.414592 -0.012530 

-0.654895 -0.159141 
0.183069 -0.130051 
0.441710 -0.605806 
-0.654895 -0.159141 

0.289374 -0.544231 
-0.335246 0.399373 
0.511818 0.000798 
0.289374 -0.544231 

-0.386302 0.049244 
-0.043568 0.439358 
-0.432434 0.386032 
-0.386302 0.049244 

0.322251 0.661072 
0.127798 0.634415 
0.215051 -0.724625 
0.322251 0.661072 

-0.446458 0.126780 
-0.340131 -0.287557 
-0.377202 -0.378421 
-0.446458 0.126780 

0.048773 -0.234244 
-0.168764 -0.092500 
0.145999 -0.220915 
0.048773 -0.234244 

0.773010 -0.634393 
0.831470 -0.555570 
-0.681321 0.617552 
0.773010 -0.634393 

-0.603839 0.190988 
-0.085523 -0.338436 
-0.738560 0.086994 
-0.603839 0.190988 

0.136899 0.206749 
0.099828 0.115885 
0.159984 0.038349 
0.136899 0.206749 

-0.154779 0.166765 
-0.034468 0.011693 
0.076743 0.284285 
-0.154779 0.166765 

-0.534583 -0.314214 
-0.395402 0.476909 
-0.252005 0.153437 
-0.534583 -0.314214 

-0.349231 0.140108 
-0.409387 0.217644 
0.085843 -0.143379 
-0.349231 0.140108 

-0.326146 -0.028292 
-0.303061 -0.196692 
-0.386302 0.049244 
-0.326146 -0.028292 

0.034788 -0.493508 
-0.002282 -0.584373 
0.155099 -0.648581 
0.034788 -0.493508 

-0.663995 0.268524 
-0.717019 0.343731 
0.804809 0.039519 
-0.663995 0.268524 

0.048773 -0.234244 
-0.126809 0.685295 
0.229236 -0.466826 
0.048773 -0.234244 

-0.640910 0.100123 
0.150884 0.466015 
-0.177865 0.335165 
-0.640910 0.100123 

0.145999 -0.220915 
-0.080639 0.348494 
0.057816 -0.661488 
0.145999 -0.220915 

-0.386302 0.049244 
-0.303061 -0.196692 
-0.340131 -0.287557 
-0.386302 0.049244 

0.285180 0.570207 
-0.571654 -0.405078 
-0.604570 -0.492719 
0.285180 0.570207 

0.634393 0.773010 
0.555570 0.831470 
0.685877 -0.608515 
0.634393 0.773010 

0.206155 -0.298451 
0.145999 -0.220915 
0.057816 -0.661488 
0.206155 -0.298451 

-0.080639 0.348494 
-0.168764 -0.092500 
0.039673 0.193422 
-0.080639 0.348494 

-0.497513 -0.223349 
-0.377202 -0.378421 
0.011703 -0.325108 
-0.497513 -0.223349 

0.145999 -0.220915 
-0.168764 -0.092500 
-0.080639 0.348494 
0.145999 -0.220915 

-0.196735 -0.611029 
-0.099508 -0.597701 
-0.603839 0.190988 
-0.196735 -0.611029 

-0.085523 -0.338436 
0.266310 -0.375987 
0.057816 -0.661488 
-0.085523 -0.338436 

0.136899 0.206749 
0.159984 0.038349 
0.062758 0.025021 
0.136899 0.206749 

-0.363217 -0.119156 
-0.094624 0.089229 
-0.566538 0.281777 
-0.363217 -0.119156 

0.534903 -0.167602 
0.437677 -0.180930 
-0.062438 -0.506837 
0.534903 -0.167602 

-0.358332 0.567774 
0.326466 -0.453523 
-0.414222 -0.469251 
-0.358332 0.567774 

0.618097 -0.413519 
0.719638 0.284141 
-0.702408 0.440185 
0.618097 -0.413519 

-0.677980 0.009259 
-0.072988 -0.762711 
0.122914 -0.052515 
-0.677980 0.009259 

0.155099 -0.648581 
0.252325 -0.635252 
-0.048453 -0.247572 
0.155099 -0.648581 

-0.450991 -0.559878 
-0.122594 -0.429301 
0.383554 0.584451 
-0.450991 -0.559878 

0.094944 -0.571044 
-0.395402 0.476909 
0.030572 0.621087 
0.094944 -0.571044 

0.322251 0.661072 
0.215051 -0.724625 
0.576717 -0.502625 
0.322251 0.661072 

-0.773010 0.634393 
-0.831470 0.555570 
0.911236 0.045447 
-0.773010 0.634393 

0.071858 -0.402644 
0.266310 -0.375987 
0.034788 -0.493508 
0.071858 -0.402644 

0.062758 0.025021 
0.159984 0.038349 
0.002602 0.102557 
0.062758 0.025021 

-0.071538 -0.079171 
0.025688 -0.065843 
-0.131694 -0.001635 
-0.071538 -0.079171 

0.136899 0.206749 
0.294281 0.142540 
0.099828 0.115885 
0.136899 0.206749 

-0.228920 -0.014964 
-0.265990 -0.105828 
-0.326146 -0.028292 
-0.228920 -0.014964 

-0.034468 0.011693 
0.159984 0.038349 
-0.145679 -0.260900 
-0.034468 0.011693 

0.034788 -0.493508 
0.363536 -0.362659 
-0.002282 -0.584373 
0.034788 -0.493508 

-0.140794 0.426030 
0.132014 -0.480180 
-0.103724 0.516894 
-0.140794 0.426030 

-0.631809 -0.327542 
0.090728 0.543551 
-0.321325 -0.709089 
-0.631809 -0.327542 

0.192170 -0.557716 
-0.701065 0.177660 
-0.729035 -0.340870 
0.192170 -0.557716 

0.460762 -0.349331 
0.474747 -0.090066 
-0.677980 0.009259 
0.460762 -0.349331 

-0.020483 0.270958 
-0.414222 -0.469251 
0.340451 -0.194259 
-0.020483 0.270958 

0.159984 0.038349 
0.099828 0.115885 
-0.145679 -0.260900 
0.159984 0.038349 

-0.122594 -0.429301 
-0.293961 -0.624358 
-0.550618 -0.575478 
-0.122594 -0.429301 

0.071858 -0.402644 
0.034788 -0.493508 
-0.205835 -0.183364 
0.071858 -0.402644 

-0.395402 0.476909 
-0.006498 0.530223 
-0.252005 0.153437 
-0.395402 0.476909 

0.483122 -0.517435 
0.187954 0.556879 
-0.089445 0.774012 
0.483122 -0.517435 

-0.048453 -0.247572 
0.117683 -0.736921 
0.349422 -0.620984 
-0.048453 -0.247572 

-0.131694 -0.001635 
-0.228920 -0.014964 
0.039673 0.193422 
-0.131694 -0.001635 

-0.520598 -0.054949 
-0.691965 -0.250006 
-0.317046 -0.455957 
-0.520598 -0.054949 

0.534903 -0.167602 
-0.062438 -0.506837 
0.571974 -0.076738 
0.534903 -0.167602 

-0.400287 -0.210021 
-0.363217 -0.119156 
-0.566538 0.281777 
-0.400287 -0.210021 

-0.006498 0.530223 
0.414592 -0.012530 
-0.252005 0.153437 
-0.006498 0.530223 

0.002602 0.102557 
0.025688 -0.065843 
-0.071538 -0.079171 
0.002602 0.102557 

-0.326146 -0.028292 
-0.289076 0.062572 
-0.303061 -0.196692 
-0.326146 -0.028292 

-0.029583 0.698623 
0.683185 0.195856 
0.618097 -0.413519 
-0.029583 0.698623 

-0.071538 -0.079171 
-0.131694 -0.001635 
-0.168764 -0.092500 
-0.071538 -0.079171 

0.071858 -0.402644 
0.206155 -0.298451 
0.266310 -0.375987 
0.071858 -0.402644 

-0.256890 -0.533493 
-0.534583 -0.314214 
-0.252005 0.153437 
-0.256890 -0.533493 

0.155099 -0.648581 
-0.002282 -0.584373 
0.252325 -0.635252 
0.155099 -0.648581 

0.534903 -0.167602 
0.571974 -0.076738 
-0.214935 0.244301 
0.534903 -0.167602 

-0.275091 0.321837 
-0.372317 0.308509 
-0.483528 0.035916 
-0.275091 0.321837 

-0.275091 0.321837 
-0.483528 0.035916 
-0.238020 0.412702 
-0.275091 0.321837 

-0.140794 0.426030 
0.094944 -0.571044 
0.113813 0.375149 
-0.140794 0.426030 

-0.483528 0.035916 
-0.372317 0.308509 
-0.039353 -0.675237 
-0.483528 0.035916 

0.030572 0.621087 
0.090728 0.543551 
-0.631809 -0.327542 
0.030572 0.621087 

0.422953 0.679958 
0.383554 0.584451 
-0.511089 -0.482365 
0.422953 0.679958 

-0.640910 0.100123 
0.646114 0.104991 
-0.029583 0.698623 
-0.640910 0.100123 

-0.002282 -0.584373 
0.460762 -0.349331 
-0.219820 -0.442629 
-0.002282 -0.584373 

-0.677980 0.009259 
0.474747 -0.090066 
-0.072988 -0.762711 
-0.677980 0.009259 

-0.159664 -0.520165 
-0.534583 -0.314214 
-0.256890 -0.533493 
-0.159664 -0.520165 

-0.293961 -0.624358 
-0.196735 -0.611029 
-0.108609 -0.170036 
-0.293961 -0.624358 

-0.043568 0.439358 
-0.506613 0.204316 
0.053658 0.452686 
-0.043568 0.439358 

-0.550618 -0.575478 
-0.293961 -0.624358 
-0.108609 -0.170036 
-0.550618 -0.575478 

0.127798 0.634415 
0.326466 -0.453523 
-0.358332 0.567774 
0.127798 0.634415 

-0.437357 -0.300885 
0.437677 -0.180930 
0.534903 -0.167602 
-0.437357 -0.300885 

-0.432434 0.386032 
-0.043568 0.439358 
0.053658 0.452686 
-0.432434 0.386032 

-0.168764 -0.092500 
-0.131694 -0.001635 
0.039673 0.193422 
-0.168764 -0.092500 

-0.126809 0.685295 
0.289374 -0.544231 
-0.057553 0.180093 
-0.126809 0.685295 

0.521108 0.685713 
-0.492595 0.463570 
-0.550128 0.538457 
0.521108 0.685713 

-0.196735 -0.611029 
-0.603839 0.190988 
-0.108609 -0.170036 
-0.196735 -0.611029 

0.197054 0.129213 
0.294281 0.142540 
0.136899 0.206749 
0.197054 0.129213 

0.094944 -0.571044 
0.030572 0.621087 
0.113813 0.375149 
0.094944 -0.571044 

0.303381 -0.285123 
0.071858 -0.402644 
-0.205835 -0.183364 
0.303381 -0.285123 

-0.377202 -0.378421 
0.326466 -0.453523 
-0.594739 -0.236677 
-0.377202 -0.378421 

-0.437357 -0.300885 
0.534903 -0.167602 
0.511818 0.000798 
-0.437357 -0.300885 

-0.214935 0.244301 
0.571974 -0.076738 
-0.691965 -0.250006 
-0.214935 0.244301 

-0.303061 -0.196692 
-0.289076 0.062572 
0.340451 -0.194259 
-0.303061 -0.196692 

0.521108 0.685713 
-0.808670 0.168994 
-0.492595 0.463570 
0.521108 0.685713 

-0.184137 0.755023 
-0.089445 0.774012 
0.280295 -0.116723 
-0.184137 0.755023 

-0.214935 0.244301 
-0.691965 -0.250006 
-0.520598 -0.054949 
-0.214935 0.244301 

-0.289076 0.062572 
-0.349231 0.140108 
0.340451 -0.194259 
-0.289076 0.062572 

-0.089445 0.774012 
-0.025368 -0.415972 
0.280295 -0.116723 
-0.089445 0.774012 

-0.349231 0.140108 
0.085843 -0.143379 
0.340451 -0.194259 
-0.349231 0.140108 

-0.335246 0.399373 
-0.437357 -0.300885 
0.511818 0.000798 
-0.335246 0.399373 

0.215051 -0.724625 
-0.358332 0.567774 
-0.117709 0.257629 
0.215051 -0.724625 

-0.089445 0.774012 
0.386455 -0.530819 
-0.025368 -0.415972 
-0.089445 0.774012 

-0.145679 -0.260900 
0.099828 0.115885 
-0.713810 -0.080756 
-0.145679 -0.260900 

-0.238020 0.412702 
-0.483528 0.035916 
0.132014 -0.480180 
-0.238020 0.412702 

-0.594739 -0.236677 
0.127798 0.634415 
-0.571654 -0.405078 
-0.594739 -0.236677 

0.576717 -0.502625 
0.215051 -0.724625 
0.220140 -0.039187 
0.576717 -0.502625 

0.571974 -0.076738 
-0.062438 -0.506837 
-0.242905 -0.274229 
0.571974 -0.076738 

-0.200950 0.503566 
0.132014 -0.480180 
-0.140794 0.426030 
-0.200950 0.503566 

0.085843 -0.143379 
-0.469543 0.295181 
-0.298176 0.490238 
0.085843 -0.143379 

-0.252005 0.153437 
0.414592 -0.012530 
-0.460443 -0.132485 
-0.252005 0.153437 

-0.242905 -0.274229 
0.669200 -0.063409 
0.609044 0.014127 
-0.242905 -0.274229 

-0.200950 0.503566 
-0.140794 0.426030 
0.632129 -0.154274 
-0.200950 0.503566 

-0.238020 0.412702 
0.132014 -0.480180 
-0.200950 0.503566 
-0.238020 0.412702 

0.557988 -0.336002 
-0.663995 0.268524 
-0.771113 -0.001570 
0.557988 -0.336002 

0.646114 0.104991 
0.609044 0.014127 
-0.223548 0.670550 
0.646114 0.104991 

-0.377202 -0.378421 
-0.340131 -0.287557 
0.326466 -0.453523 
-0.377202 -0.378421 

-0.748772 -0.169871 
0.252325 -0.635252 
-0.219820 -0.442629 
-0.748772 -0.169871 

-0.471397 -0.881921 
-0.382683 -0.923880 
-0.138169 -0.902448 
-0.471397 -0.881921 

0.322251 0.661072 
0.576717 -0.502625 
0.675757 -0.503202 
0.322251 0.661072 

-0.571654 -0.405078 
0.127798 0.634415 
0.322251 0.661072 
-0.571654 -0.405078 

0.085843 -0.143379 
-0.020483 0.270958 
0.340451 -0.194259 
0.085843 -0.143379 

-0.594739 -0.236677 
0.326466 -0.453523 
0.127798 0.634415 
-0.594739 -0.236677 

-0.377202 -0.378421 
-0.594739 -0.236677 
0.011703 -0.325108 
-0.377202 -0.378421 

-0.048453 -0.247572 
0.252325 -0.635252 
0.117683 -0.736921 
-0.048453 -0.247572 

0.117683 -0.736921 
0.252325 -0.635252 
-0.748772 -0.169871 
0.117683 -0.736921 

0.349422 -0.620984 
0.117683 -0.736921 
0.657325 0.361507 
0.349422 -0.620984 

0.441710 -0.605806 
-0.165443 -0.796431 
0.076743 0.284285 
0.441710 -0.605806 

-0.029583 0.698623 
0.646114 0.104991 
0.683185 0.195856 
-0.029583 0.698623 

-0.663995 0.268524 
0.804809 0.039519 
-0.771113 -0.001570 
-0.663995 0.268524 

0.252325 -0.635252 
-0.002282 -0.584373 
-0.219820 -0.442629 
0.252325 -0.635252 

-0.340131 -0.287557 
-0.303061 -0.196692 
-0.414222 -0.469251 
-0.340131 -0.287557 

0.618097 -0.413519 
0.683185 0.195856 
0.719638 0.284141 
0.618097 -0.413519 

-0.256890 -0.533493 
-0.252005 0.153437 
-0.460443 -0.132485 
-0.256890 -0.533493 

-0.242905 -0.274229 
0.609044 0.014127 
-0.640910 0.100123 
-0.242905 -0.274229 

-0.177865 0.335165 
0.150884 0.466015 
-0.288141 0.754239 
-0.177865 0.335165 

0.632129 -0.154274 
-0.140794 0.426030 
0.113813 0.375149 
0.632129 -0.154274 

-0.604570 -0.492719 
-0.571654 -0.405078 
-0.163880 0.594430 
-0.604570 -0.492719 

-0.640910 0.100123 
0.609044 0.014127 
0.646114 0.104991 
-0.640910 0.100123 

0.534903 -0.167602 
-0.214935 0.244301 
0.511818 0.000798 
0.534903 -0.167602 

0.683185 0.195856 
0.646114 0.104991 
-0.796539 -0.264158 
0.683185 0.195856 

0.016587 0.361822 
0.009453 0.784212 
-0.491416 -0.669242 
0.016587 0.361822 

-0.511089 -0.482365 
0.383554 0.584451 
-0.529500 0.372652 
-0.511089 -0.482365 

-0.200950 0.503566 
0.632129 -0.154274 
-0.321167 0.657949 
-0.200950 0.503566 

0.030572 0.621087 
0.016587 0.361822 
0.113813 0.375149 
0.030572 0.621087 

-0.103724 0.516894 
0.132014 -0.480180 
0.021122 -0.750358 
-0.103724 0.516894 

-0.039353 -0.675237 
-0.165443 -0.796431 
0.441710 -0.605806 
-0.039353 -0.675237 

0.460762 -0.349331 
-0.677980 0.009259 
-0.219820 -0.442629 
0.460762 -0.349331 

0.030572 0.621087 
-0.631809 -0.327542 
0.016587 0.361822 
0.030572 0.621087 

-0.298176 0.490238 
0.557988 -0.336002 
0.225024 0.647744 
-0.298176 0.490238 

0.016587 0.361822 
-0.631809 -0.327542 
0.009453 0.784212 
0.016587 0.361822 

0.326466 -0.453523 
-0.340131 -0.287557 
-0.414222 -0.469251 
0.326466 -0.453523 

-0.122594 -0.429301 
-0.550618 -0.575478 
-0.423372 -0.041620 
-0.122594 -0.429301 

0.483122 -0.517435 
-0.089445 0.774012 
-0.184137 0.755023 
0.483122 -0.517435 

0.085843 -0.143379 
-0.298176 0.490238 
-0.020483 0.270958 
0.085843 -0.143379 

-0.571654 -0.405078 
0.322251 0.661072 
-0.163880 0.594430 
-0.571654 -0.405078 

-0.483528 0.035916 
-0.039353 -0.675237 
0.021122 -0.750358 
-0.483528 0.035916 

-0.321167 0.657949 
0.632129 -0.154274 
-0.416375 0.642471 
-0.321167 0.657949 

-0.691965 -0.250006 
0.571974 -0.076738 
-0.177865 0.335165 
-0.691965 -0.250006 

0.655111 -0.322632 
-0.550128 0.538457 
-0.521360 0.638540 
0.655111 -0.322632 

0.322251 0.661072 
0.675757 -0.503202 
-0.163880 0.594430 
0.322251 0.661072 

0.225024 0.647744 
0.557988 -0.336002 
-0.771113 -0.001570 
0.225024 0.647744 

-0.677980 0.009259 
0.122914 -0.052515 
-0.454758 0.553527 
-0.677980 0.009259 

0.383554 0.584451 
-0.122594 -0.429301 
-0.423372 -0.041620 
0.383554 0.584451 

-0.543684 0.113452 
0.303381 -0.285123 
-0.205835 -0.183364 
-0.543684 0.113452 

0.132014 -0.480180 
-0.483528 0.035916 
0.021122 -0.750358 
0.132014 -0.480180 

0.414592 -0.012530 
-0.654895 -0.159141 
-0.713810 -0.080756 
0.414592 -0.012530 

0.215051 -0.724625 
-0.117709 0.257629 
0.220140 -0.039187 
0.215051 -0.724625 

0.571974 -0.076738 
-0.242905 -0.274229 
-0.177865 0.335165 
0.571974 -0.076738 

0.317366 -0.025858 
0.548888 0.091663 
0.257210 0.051677 
0.317366 -0.025858 

0.225024 0.647744 
-0.771113 -0.001570 
-0.557669 -0.145813 
0.225024 0.647744 

-0.416375 0.642471 
0.632129 -0.154274 
0.841665 0.129026 
-0.416375 0.642471 

-0.242905 -0.274229 
-0.640910 0.100123 
-0.177865 0.335165 
-0.242905 -0.274229 

-0.654895 -0.159141 
-0.145679 -0.260900 
-0.713810 -0.080756 
-0.654895 -0.159141 

-0.520598 -0.054949 
-0.317046 -0.455957 
0.451662 0.078331 
-0.520598 -0.054949 

0.183069 -0.130051 
0.021122 -0.750358 
0.441710 -0.605806 
0.183069 -0.130051 

-0.317046 -0.455957 
-0.691965 -0.250006 
-0.288141 0.754239 
-0.317046 -0.455957 

-0.529500 0.372652 
0.383554 0.584451 
-0.423372 -0.041620 
-0.529500 0.372652 

-0.796539 -0.264158 
0.646114 0.104991 
-0.223548 0.670550 
-0.796539 -0.264158 

0.016587 0.361822 
-0.491416 -0.669242 
0.841665 0.129026 
0.016587 0.361822 

0.632129 -0.154274 
0.113813 0.375149 
0.841665 0.129026 
0.632129 -0.154274 

-0.691965 -0.250006 
-0.177865 0.335165 
-0.288141 0.754239 
-0.691965 -0.250006 

0.956940 -0.290285 
0.980785 -0.195090 
0.305584 0.854465 
0.956940 -0.290285 

0.289374 -0.544231 
0.511818 0.000798 
-0.057553 0.180093 
0.289374 -0.544231 

-0.219820 -0.442629 
-0.677980 0.009259 
-0.454758 0.553527 
-0.219820 -0.442629 

0.290285 0.956940 
0.195090 0.980785 
-0.861720 0.293802 
0.290285 0.956940 

0.511818 0.000798 
-0.214935 0.244301 
-0.057553 0.180093 
0.511818 0.000798 

0.229236 -0.466826 
-0.126809 0.685295 
-0.820276 -0.086628 
0.229236 -0.466826 

-0.956940 0.290285 
-0.980785 0.195090 
-0.311390 -0.862288 
-0.956940 0.290285 

-0.416375 0.642471 
0.841665 0.129026 
-0.617824 -0.068277 
-0.416375 0.642471 

0.683185 0.195856 
-0.796539 -0.264158 
0.345621 0.492798 
0.683185 0.195856 

0.113813 0.375149 
0.016587 0.361822 
0.841665 0.129026 
0.113813 0.375149 

0.719638 0.284141 
0.683185 0.195856 
0.345621 0.492798 
0.719638 0.284141 

-0.126809 0.685295 
-0.057553 0.180093 
-0.820276 -0.086628 
-0.126809 0.685295 

-0.358332 0.567774 
-0.020483 0.270958 
-0.117709 0.257629 
-0.358332 0.567774 

0.021122 -0.750358 
-0.039353 -0.675237 
0.441710 -0.605806 
0.021122 -0.750358 

-0.748772 -0.169871 
-0.219820 -0.442629 
-0.454758 0.553527 
-0.748772 -0.169871 

0.271196 0.310936 
0.294281 0.142540 
0.197054 0.129213 
0.271196 0.310936 

-0.165443 -0.796431 
-0.154779 0.166765 
0.076743 0.284285 
-0.165443 -0.796431 

0.234125 0.220076 
0.391507 0.155865 
0.354436 0.065005 
0.234125 0.220076 

-0.214935 0.244301 
-0.520598 -0.054949 
-0.057553 0.180093 
-0.214935 0.244301 

-0.020483 0.270958 
-0.298176 0.490238 
-0.117709 0.257629 
-0.020483 0.270958 

0.841665 0.129026 
-0.491416 -0.669242 
-0.617824 -0.068277 
0.841665 0.129026 

-0.117709 0.257629 
0.225024 0.647744 
0.220140 -0.039187 
-0.117709 0.257629 

-0.290285 -0.956940 
-0.195090 -0.980785 
0.776228 -0.475198 
-0.290285 -0.956940 

-0.298176 0.490238 
0.225024 0.647744 
-0.117709 0.257629 
-0.298176 0.490238 

-0.460443 -0.132485 
0.414592 -0.012530 
-0.713810 -0.080756 
-0.460443 -0.132485 

-0.057553 0.180093 
-0.520598 -0.054949 
-0.820276 -0.086628 
-0.057553 0.180093 

0.995185 -0.098017 
-0.612790 -0.674326 
0.133015 0.905641 
0.995185 -0.098017 

0.098017 0.995185 
-0.098017 0.995185 
0.733977 0.544355 
0.098017 0.995185 

-0.995185 0.098017 
-0.995185 -0.098017 
0.554185 -0.751511 
-0.995185 0.098017 

-0.634393 -0.773010 
-0.555570 -0.831470 
0.612695 0.692011 
-0.634393 -0.773010 

0.225024 0.647744 
-0.557669 -0.145813 
0.220140 -0.039187 
0.225024 0.647744 

-0.098017 -0.995185 
0.098017 -0.995185 
-0.737042 -0.562514 
-0.098017 -0.995185 

0.576717 -0.502625 
0.220140 -0.039187 
0.248158 0.479360 
0.576717 -0.502625 

-0.520598 -0.054949 
0.451662 0.078331 
-0.820276 -0.086628 
-0.520598 -0.054949 

-0.256890 -0.533493 
0.354436 0.065005 
0.622459 0.272463 
-0.256890 -0.533493 

0.220140 -0.039187 
-0.557669 -0.145813 
0.248158 0.479360 
0.220140 -0.039187 

0.234125 0.220076 
0.428578 0.246713 
0.391507 0.155865 
0.234125 0.220076 

0.271196 0.310936 
0.234125 0.220076 
0.294281 0.142540 
0.271196 0.310936 

-0.159664 -0.520165 
-0.256890 -0.533493 
0.622459 0.272463 
-0.159664 -0.520165 

0.257210 0.051677 
0.548888 0.091663 
0.622459 0.272463 
0.257210 0.051677 

0.548888 0.091663 
-0.159664 -0.520165 
0.622459 0.272463 
0.548888 0.091663 

0.331351 0.233398 
0.271196 0.310936 
0.488732 0.169186 
0.331351 0.233398 

0.271196 0.310936 
0.428578 0.246713 
0.234125 0.220076 
0.271196 0.310936 

0.331351 0.233398 
0.428578 0.246713 
0.271196 0.310936 
0.331351 0.233398 

0.405502 0.415051 
0.428578 0.246713 
0.331351 0.233398 
0.405502 0.415051 

0.405502 0.415051 
0.368423 0.324240 
0.428578 0.246713 
0.405502 0.415051 

0.465651 0.337498 
0.405502 0.415051 
0.443110 0.505950 
0.465651 0.337498 

0.405502 0.415051 
0.562850 0.350734 
0.368423 0.324240 
0.405502 0.415051 

0.465651 0.337498 
0.443110 0.505950 
0.585863 0.182362 
0.465651 0.337498 

0.443110 0.505950 
0.173969 0.297613 
0.715088 -0.400095 
0.443110 0.505950 

0.465651 0.337498 
0.562850 0.350734 
0.405502 0.415051 
0.465651 0.337498 

0.562850 0.350734 
0.502760 0.428052 
0.308268 0.401787 
0.562850 0.350734 

0.540420 0.517804 
0.562850 0.350734 
0.465651 0.337498 
0.540420 0.517804 

0.540420 0.517804 
0.502760 0.428052 
0.562850 0.350734 
0.540420 0.517804 

0.540420 0.517804 
0.599555 0.440834 
0.502760 0.428052 
0.540420 0.517804 

0.637523 0.529514 
0.540420 0.517804 
0.525800 0.260011 
0.637523 0.529514 

-0.765150 0.260623 
0.264256 0.745144 
-0.647853 -0.571698 
-0.765150 0.260623 

-0.389080 -0.636052 
0.782729 0.208760 
-0.647853 -0.571698 
-0.389080 -0.636052 

0.264256 0.745144 
-0.389080 -0.636052 
-0.647853 -0.571698 
0.264256 0.745144 

0.637523 0.529514 
0.599555 0.440834 
0.540420 0.517804 
0.637523 0.529514 

0.305584 0.854465 
-0.765150 0.260623 
-0.805444 0.380801 
0.305584 0.854465 

0.672992 0.617839 
-0.681321 0.617552 
-0.058035 0.849240 
0.672992 0.617839 

-0.668880 -0.418406 
0.243225 -0.207587 
-0.299922 0.854259 
-0.668880 -0.418406 

0.561067 0.756511 
-0.877070 -0.308886 
-0.698085 -0.632557 
0.561067 0.756511 

0.861016 -0.035677 
-0.384704 0.821517 
0.314111 -0.882138 
0.861016 -0.035677 

-0.717019 0.343731 
-0.311390 -0.862288 
0.000000 0.000000 
-0.717019 0.343731 

0.637523 0.529514 
-0.544355 0.733977 
0.599555 0.440834 
0.637523 0.529514 

-0.771113 -0.001570 
0.804809 0.039519 
-0.386486 0.730850 
-0.771113 -0.001570 

0.675757 -0.503202 
-0.473217 -0.781101 
-0.123326 0.910519 
0.675757 -0.503202 

0.469791 0.783799 
0.782729 0.208760 
-0.261513 -0.785494 
0.469791 0.783799 

-0.511089 -0.482365 
0.311708 -0.707146 
0.811076 0.298269 
-0.511089 -0.482365 

-0.416375 0.642471 
-0.617824 -0.068277 
-0.646521 0.528760 
-0.416375 0.642471 

-0.646521 0.528760 
0.460506 -0.776317 
-0.148960 0.831130 
-0.646521 0.528760 

0.521108 0.685713 
0.655111 -0.322632 
0.080300 -0.826804 
0.521108 0.685713 

-0.473217 -0.781101 
0.675757 -0.503202 
-0.087517 -0.842648 
-0.473217 -0.781101 

0.854207 -0.301146 
0.603102 -0.669003 
0.887555 0.317568 
0.854207 -0.301146 

-0.796539 -0.264158 
-0.223548 0.670550 
-0.011281 -0.836532 
-0.796539 -0.264158 

0.035716 0.867838 
0.842846 0.384953 
-0.905090 -0.137475 
0.035716 0.867838 

-0.454758 0.553527 
0.122914 -0.052515 
-0.831968 0.072082 
-0.454758 0.553527 

-0.557669 -0.145813 
-0.771113 -0.001570 
-0.386486 0.730850 
-0.557669 -0.145813 

0.914310 -0.120397 
0.657325 0.361507 
0.397037 0.838162 
0.914310 -0.120397 

-0.877070 -0.308886 
0.788664 0.463221 
-0.698085 -0.632557 
-0.877070 -0.308886 

0.657325 0.361507 
0.117683 -0.736921 
0.397037 0.838162 
0.657325 0.361507 

0.599555 0.440834 
-0.544355 0.733977 
-0.619643 0.683671 
0.599555 0.440834 

-0.454758 0.553527 
-0.831968 0.072082 
0.035716 0.867838 
-0.454758 0.553527 

-0.831968 0.072082 
0.842846 0.384953 
0.035716 0.867838 
-0.831968 0.072082 

-0.474359 -0.391708 
-0.416375 0.642471 
-0.646521 0.528760 
-0.474359 -0.391708 

-0.589854 0.450253 
0.521108 0.685713 
0.080300 -0.826804 
-0.589854 0.450253 

-0.011281 -0.836532 
0.133015 0.905641 
-0.830683 -0.173741 
-0.011281 -0.836532 

-0.748772 -0.169871 
-0.454758 0.553527 
0.035716 0.867838 
-0.748772 -0.169871 

0.691993 -0.231691 
0.752441 -0.309346 
0.743161 -0.551166 
0.691993 -0.231691 

0.164869 0.725280 
-0.136319 -0.688364 
0.577850 0.606735 
0.164869 0.725280 

0.248158 0.479360 
-0.736790 0.541608 
-0.087517 -0.842648 
0.248158 0.479360 

-0.903809 0.133165 
0.764163 -0.049279 
-0.148960 0.831130 
-0.903809 0.133165 

0.243225 -0.207587 
0.733977 0.544355 
-0.299922 0.854259 
0.243225 -0.207587 

0.637523 0.529514 
0.525800 0.260011 
0.314111 -0.882138 
0.637523 0.529514 

-0.163880 0.594430 
0.380991 -0.839353 
0.561067 0.756511 
-0.163880 0.594430 

0.105751 0.805336 
-0.861720 0.293802 
0.496727 -0.680644 
0.105751 0.805336 

0.733977 0.544355 
0.105751 0.805336 
0.496727 -0.680644 
0.733977 0.544355 

-0.450991 -0.559878 
0.422953 0.679958 
0.750130 0.372224 
-0.450991 -0.559878 

-0.765150 0.260623 
-0.647853 -0.571698 
-0.805444 0.380801 
-0.765150 0.260623 

-0.011281 -0.836532 
-0.223548 0.670550 
0.743161 -0.551166 
-0.011281 -0.836532 

0.694110 0.452328 
-0.544355 0.733977 
0.637523 0.529514 
0.694110 0.452328 

-0.647853 -0.571698 
0.469791 0.783799 
-0.805444 0.380801 
-0.647853 -0.571698 

-0.748772 -0.169871 
0.035716 0.867838 
0.397037 0.838162 
-0.748772 -0.169871 

-0.184137 0.755023 
0.280295 -0.116723 
-0.603795 0.601396 
-0.184137 0.755023 

0.675757 -0.503202 
0.576717 -0.502625 
-0.087517 -0.842648 
0.675757 -0.503202 

0.782729 0.208760 
0.483122 -0.517435 
-0.058035 0.849240 
0.782729 0.208760 

0.349422 -0.620984 
0.657325 0.361507 
0.887555 0.317568 
0.349422 -0.620984 

0.788664 0.463221 
0.811076 0.298269 
-0.698085 -0.632557 
0.788664 0.463221 

0.080300 -0.826804 
0.911236 0.045447 
-0.398307 -0.826189 
0.080300 -0.826804 

0.122914 -0.052515 
0.423571 -0.440146 
-0.850846 -0.001219 
0.122914 -0.052515 

0.248158 0.479360 
-0.557669 -0.145813 
-0.742362 -0.416768 
0.248158 0.479360 

0.707107 -0.707107 
0.773010 -0.634393 
0.672992 0.617839 
0.707107 -0.707107 

0.707107 0.707107 
0.634393 0.773010 
-0.619643 0.683671 
0.707107 0.707107 

-0.707107 0.707107 
-0.773010 0.634393 
-0.782647 -0.479226 
-0.707107 0.707107 

0.773010 -0.634393 
-0.681321 0.617552 
0.672992 0.617839 
0.773010 -0.634393 

0.634393 0.773010 
0.685877 -0.608515 
-0.619643 0.683671 
0.634393 0.773010 

-0.773010 0.634393 
0.911236 0.045447 
-0.782647 -0.479226 
-0.773010 0.634393 

0.773010 0.634393 
-0.544355 0.733977 
0.694110 0.452328 
0.773010 0.634393 

-0.634393 0.773010 
-0.903809 0.133165 
0.460506 -0.776317 
-0.634393 0.773010 

0.634393 -0.773010 
-0.889606 -0.227525 
0.603102 -0.669003 
0.634393 -0.773010 

-0.889606 -0.227525 
0.707107 -0.707107 
0.672992 0.617839 
-0.889606 -0.227525 

-0.544355 0.733977 
0.707107 0.707107 
-0.619643 0.683671 
-0.544355 0.733977 

-0.903809 0.133165 
-0.707107 0.707107 
-0.782647 -0.479226 
-0.903809 0.133165 

-0.384704 0.821517 
0.831470 0.555570 
0.694110 0.452328 
-0.384704 0.821517 

-0.818386 -0.379780 
-0.555570 0.831470 
0.460506 -0.776317 
-0.818386 -0.379780 

0.854207 -0.301146 
0.555570 -0.831470 
0.603102 -0.669003 
0.854207 -0.301146 

-0.773010 -0.634393 
0.788664 0.463221 
-0.877070 -0.308886 
-0.773010 -0.634393 

0.380991 -0.839353 
-0.831470 -0.555570 
-0.877070 -0.308886 
0.380991 -0.839353 

-0.881921 -0.471397 
0.380991 -0.839353 
-0.123326 0.910519 
-0.881921 -0.471397 

-0.290285 0.956940 
0.231171 -0.889900 
0.137245 -0.902831 
-0.290285 0.956940 

-0.473217 -0.781101 
-0.923880 -0.382683 
-0.123326 0.910519 
-0.473217 -0.781101 

0.831470 0.555570 
0.773010 0.634393 
0.694110 0.452328 
0.831470 0.555570 

-0.555570 0.831470 
-0.634393 0.773010 
0.460506 -0.776317 
-0.555570 0.831470 

0.555570 -0.831470 
0.634393 -0.773010 
0.603102 -0.669003 
0.555570 -0.831470 

0.290285 -0.956940 
0.914310 -0.120397 
-0.905090 -0.137475 
0.290285 -0.956940 

-0.923880 -0.382683 
-0.881921 -0.471397 
-0.123326 0.910519 
-0.923880 -0.382683 

-0.956940 -0.290285 
-0.473217 -0.781101 
-0.736790 0.541608 
-0.956940 -0.290285 

-0.195090 0.980785 
-0.290285 0.956940 
0.137245 -0.902831 
-0.195090 0.980785 

-0.831470 -0.555570 
-0.773010 -0.634393 
-0.877070 -0.308886 
-0.831470 -0.555570 

0.195090 -0.980785 
0.290285 -0.956940 
-0.905090 -0.137475 
0.195090 -0.980785 

-0.980785 -0.195090 
-0.956940 -0.290285 
-0.736790 0.541608 
-0.980785 -0.195090 

-0.881921 0.471397 
0.885208 0.225248 
-0.398307 -0.826189 
-0.881921 0.471397 

-0.831470 0.555570 
-0.881921 0.471397 
-0.398307 -0.826189 
-0.831470 0.555570 

-0.915433 -0.047380 
-0.195090 0.980785 
0.137245 -0.902831 
-0.915433 -0.047380 

0.911236 0.045447 
-0.831470 0.555570 
-0.398307 -0.826189 
0.911236 0.045447 

0.000000 1.000000 
0.041931 -0.916276 
-0.889575 0.218295 
0.000000 1.000000 

0.041931 -0.916276 
-0.980785 -0.195090 
-0.736790 0.541608 
0.041931 -0.916276 

0.842846 0.384953 
0.195090 -0.980785 
-0.905090 -0.137475 
0.842846 0.384953 

-0.382683 -0.923880 
-0.290285 -0.956940 
0.888093 -0.213093 
-0.382683 -0.923880 

0.980785 -0.195090 
0.995185 -0.098017 
-0.916207 0.042444 
0.980785 -0.195090 

-0.980785 0.195090 
-0.995185 0.098017 
-0.553477 -0.745830 
-0.980785 0.195090 

-0.555570 -0.831470 
-0.471397 -0.881921 
-0.226982 -0.880731 
-0.555570 -0.831470 

-0.195090 -0.980785 
-0.098017 -0.995185 
0.177568 -0.812021 
-0.195090 -0.980785 

-0.138169 -0.902448 
-0.382683 -0.923880 
0.888093 -0.213093 
-0.138169 -0.902448 

-0.995185 -0.098017 
0.000000 1.000000 
-0.889575 0.218295 
-0.995185 -0.098017 

0.305584 0.854465 
0.980785 -0.195090 
-0.916207 0.042444 
0.305584 0.854465 

-0.471397 -0.881921 
-0.138169 -0.902448 
-0.226982 -0.880731 
-0.471397 -0.881921 

-0.311390 -0.862288 
-0.980785 0.195090 
-0.553477 -0.745830 
-0.311390 -0.862288 

-0.290285 -0.956940 
0.776228 -0.475198 
0.888093 -0.213093 
-0.290285 -0.956940 

0.995185 -0.098017 
0.133015 0.905641 
-0.916207 0.042444 
0.995185 -0.098017 

0.776228 -0.475198 
-0.195090 -0.980785 
0.177568 -0.812021 
0.776228 -0.475198 

-0.995185 0.098017 
0.554185 -0.751511 
-0.553477 -0.745830 
-0.995185 0.098017 

0.612695 0.692011 
-0.555570 -0.831470 
-0.226982 -0.880731 
0.612695 0.692011 

-0.098017 -0.995185 
-0.737042 -0.562514 
0.177568 -0.812021 
-0.098017 -0.995185 

0.554185 -0.751511 
-0.995185 -0.098017 
-0.889575 0.218295 
0.554185 -0.751511 

0.117683 -0.736921 
-0.748772 -0.169871 
0.397037 0.838162 
0.117683 -0.736921 

-0.299922 0.854259 
-0.915433 -0.047380 
-0.339611 -0.782704 
-0.299922 0.854259 

-0.786008 0.473188 
0.382683 0.923880 
-0.049701 -0.915119 
-0.786008 0.473188 

0.290285 0.956940 
-0.861720 0.293802 
-0.049701 -0.915119 
0.290285 0.956940 

0.080300 -0.826804 
0.655111 -0.322632 
0.936349 -0.041729 
0.080300 -0.826804 

-0.386486 0.730850 
0.554185 -0.751511 
-0.889575 0.218295 
-0.386486 0.730850 

-0.219420 0.888179 
0.345621 0.492798 
-0.468587 0.707452 
-0.219420 0.888179 

0.382683 0.923880 
0.290285 0.956940 
-0.049701 -0.915119 
0.382683 0.923880 

0.502760 0.428052 
0.599555 0.440834 
-0.405519 -0.730459 
0.502760 0.428052 

-0.136319 -0.688364 
0.750130 0.372224 
-0.693038 -0.490481 
-0.136319 -0.688364 

0.995185 0.098017 
0.842846 0.384953 
0.819011 -0.125783 
0.995185 0.098017 

-0.737042 -0.562514 
0.098017 -0.995185 
0.819011 -0.125783 
-0.737042 -0.562514 

0.881921 -0.471397 
0.469791 0.783799 
-0.261513 -0.785494 
0.881921 -0.471397 

-0.681321 0.617552 
0.831470 -0.555570 
-0.261513 -0.785494 
-0.681321 0.617552 

0.811076 0.298269 
0.311708 -0.707146 
-0.698085 -0.632557 
0.811076 0.298269 

0.098017 -0.995185 
0.995185 0.098017 
0.819011 -0.125783 
0.098017 -0.995185 

-0.223548 0.670550 
0.691993 -0.231691 
0.743161 -0.551166 
-0.223548 0.670550 

0.831470 -0.555570 
0.881921 -0.471397 
-0.261513 -0.785494 
0.831470 -0.555570 

0.657325 0.361507 
0.914310 -0.120397 
0.922668 0.136865 
0.657325 0.361507 

0.423571 -0.440146 
0.164869 0.725280 
0.577850 0.606735 
0.423571 -0.440146 

0.471397 -0.881921 
0.854207 -0.301146 
0.922668 0.136865 
0.471397 -0.881921 

0.914310 -0.120397 
0.382683 -0.923880 
0.922668 0.136865 
0.914310 -0.120397 

0.911236 0.045447 
0.080300 -0.826804 
0.936349 -0.041729 
0.911236 0.045447 

0.842846 0.384953 
-0.831968 0.072082 
0.819011 -0.125783 
0.842846 0.384953 

0.956940 0.290285 
-0.219420 0.888179 
-0.468587 0.707452 
0.956940 0.290285 

-0.031651 0.927729 
0.980785 0.195090 
-0.468587 0.707452 
-0.031651 0.927729 

0.285425 -0.800615 
0.502760 0.428052 
-0.405519 -0.730459 
0.285425 -0.800615 

-0.668880 -0.418406 
-0.299922 0.854259 
-0.339611 -0.782704 
-0.668880 -0.418406 

-0.861720 0.293802 
0.195090 0.980785 
0.496727 -0.680644 
-0.861720 0.293802 

0.098017 0.995185 
0.733977 0.544355 
0.496727 -0.680644 
0.098017 0.995185 

0.764163 -0.049279 
-0.474359 -0.391708 
-0.148960 0.831130 
0.764163 -0.049279 

-0.786008 0.473188 
0.482365 0.597527 
0.615135 -0.571293 
-0.786008 0.473188 

0.482365 0.597527 
0.685877 -0.608515 
0.615135 -0.571293 
0.482365 0.597527 

0.811076 0.298269 
0.788664 0.463221 
0.368595 -0.760782 
0.811076 0.298269 

-1.000000 0.000000 
-0.031651 0.927729 
-0.830683 -0.173741 
-1.000000 0.000000 

0.133015 0.905641 
-0.612790 -0.674326 
-0.830683 -0.173741 
0.133015 0.905641 

-0.915433 -0.047380 
-0.299922 0.854259 
-0.233294 0.816456 
-0.915433 -0.047380 

0.471397 0.881921 
-0.786008 0.473188 
0.615135 -0.571293 
0.471397 0.881921 

0.685877 -0.608515 
0.555570 0.831470 
0.615135 -0.571293 
0.685877 -0.608515 

0.788664 0.463221 
-0.707107 -0.707107 
0.368595 -0.760782 
0.788664 0.463221 

-0.634393 -0.773010 
0.612695 0.692011 
0.368595 -0.760782 
-0.634393 -0.773010 

0.000000 -1.000000 
-0.915433 -0.047380 
-0.233294 0.816456 
0.000000 -1.000000 

0.733977 0.544355 
-0.098017 0.995185 
-0.233294 0.816456 
0.733977 0.544355 

0.881921 0.471397 
-0.384704 0.821517 
0.046666 0.943409 
0.881921 0.471397 

-0.219420 0.888179 
0.923880 0.382683 
0.046666 0.943409 
-0.219420 0.888179 

0.612695 0.692011 
0.811076 0.298269 
0.368595 -0.760782 
0.612695 0.692011 

-0.031651 0.927729 
-0.011281 -0.836532 
-0.830683 -0.173741 
-0.031651 0.927729 

-0.384704 0.821517 
0.861016 -0.035677 
0.046666 0.943409 
-0.384704 0.821517 

0.861016 -0.035677 
-0.219420 0.888179 
0.046666 0.943409 
0.861016 -0.035677 

-0.136319 -0.688364 
-0.450991 -0.559878 
0.750130 0.372224 
-0.136319 -0.688364 

0.525800 0.260011 
-0.702408 0.440185 
0.314111 -0.882138 
0.525800 0.260011 

0.382683 -0.923880 
0.471397 -0.881921 
0.922668 0.136865 
0.382683 -0.923880 

0.655111 -0.322632 
0.764163 -0.049279 
0.936349 -0.041729 
0.655111 -0.322632 

-0.299922 0.854259 
0.733977 0.544355 
-0.233294 0.816456 
-0.299922 0.854259 

-0.737042 -0.562514 
0.819011 -0.125783 
-0.850846 -0.001219 
-0.737042 -0.562514 

0.980785 0.195090 
0.956940 0.290285 
-0.468587 0.707452 
0.980785 0.195090 

-0.474359 -0.391708 
-0.646521 0.528760 
-0.148960 0.831130 
-0.474359 -0.391708 

0.137245 -0.902831 
0.231171 -0.889900 
0.226045 0.905581 
0.137245 -0.902831 

0.819011 -0.125783 
-0.831968 0.072082 
-0.850846 -0.001219 
0.819011 -0.125783 

-0.491416 -0.669242 
0.009453 0.784212 
0.226045 0.905581 
-0.491416 -0.669242 

0.195090 0.980785 
0.098017 0.995185 
0.496727 -0.680644 
0.195090 0.980785 

0.280295 -0.116723 
0.538059 -0.593601 
-0.603795 0.601396 
0.280295 -0.116723 

0.226045 0.905581 
0.009453 0.784212 
-0.339611 -0.782704 
0.226045 0.905581 

-0.617824 -0.068277 
-0.491416 -0.669242 
-0.829634 0.233430 
-0.617824 -0.068277 

-0.612790 -0.674326 
-1.000000 0.000000 
-0.830683 -0.173741 
-0.612790 -0.674326 

-0.736790 0.541608 
-0.473217 -0.781101 
-0.087517 -0.842648 
-0.736790 0.541608 

0.576717 -0.502625 
0.248158 0.479360 
-0.087517 -0.842648 
0.576717 -0.502625 

0.577850 0.606735 
-0.136319 -0.688364 
-0.693038 -0.490481 
0.577850 0.606735 

-0.604570 -0.492719 
-0.163880 0.594430 
0.561067 0.756511 
-0.604570 -0.492719 

0.555570 0.831470 
0.471397 0.881921 
0.615135 -0.571293 
0.555570 0.831470 

0.483122 -0.517435 
-0.184137 0.755023 
-0.058035 0.849240 
0.483122 -0.517435 

-0.604570 -0.492719 
0.561067 0.756511 
-0.698085 -0.632557 
-0.604570 -0.492719 

0.009453 0.784212 
-0.668880 -0.418406 
-0.339611 -0.782704 
0.009453 0.784212 

0.311708 -0.707146 
-0.604570 -0.492719 
-0.698085 -0.632557 
0.311708 -0.707146 

-0.386486 0.730850 
-0.889575 0.218295 
-0.742362 -0.416768 
-0.386486 0.730850 

-0.707107 -0.707107 
-0.634393 -0.773010 
0.368595 -0.760782 
-0.707107 -0.707107 

0.538059 -0.593601 
0.349422 -0.620984 
0.887555 0.317568 
0.538059 -0.593601 

0.923880 0.382683 
0.881921 0.471397 
0.046666 0.943409 
0.923880 0.382683 

-0.098017 0.995185 
0.000000 -1.000000 
-0.233294 0.816456 
-0.098017 0.995185 

0.804809 0.039519 
-0.717019 0.343731 
0.000000 0.000000 
0.804809 0.039519 

0.226045 0.905581 
0.231171 -0.889900 
-0.829634 0.233430 
0.226045 0.905581 

0.460506 -0.776317 
-0.903809 0.133165 
-0.148960 0.831130 
0.460506 -0.776317 

0.380991 -0.839353 
-0.877070 -0.308886 
0.561067 0.756511 
0.380991 -0.839353 

-0.831968 0.072082 
0.122914 -0.052515 
-0.850846 -0.001219 
-0.831968 0.072082 

-0.889575 0.218295 
0.041931 -0.916276 
-0.742362 -0.416768 
-0.889575 0.218295 

-0.557669 -0.145813 
-0.386486 0.730850 
-0.742362 -0.416768 
-0.557669 -0.145813 

-0.782647 -0.479226 
0.911236 0.045447 
0.936349 -0.041729 
-0.782647 -0.479226 

-0.311390 -0.862288 
-0.553477 -0.745830 
0.000000 0.000000 
-0.311390 -0.862288 

0.817294 -0.389978 
-0.617824 -0.068277 
-0.829634 0.233430 
0.817294 -0.389978 

0.888093 -0.213093 
0.776228 -0.475198 
-0.693038 -0.490481 
0.888093 -0.213093 

-0.491416 -0.669242 
0.226045 0.905581 
-0.829634 0.233430 
-0.491416 -0.669242 

0.776228 -0.475198 
0.577850 0.606735 
-0.693038 -0.490481 
0.776228 -0.475198 

0.231171 -0.889900 
0.817294 -0.389978 
-0.829634 0.233430 
0.231171 -0.889900 

